4e+20
4e+20
4e+20
4e+20
3.9875e+20
3.95e+20
3.9e+20
3.7e+20
3.4e+20
2.8e+20
2.2e+20
1.6e+20
1e+20
7e+19
6e+19
5e+19
4.3e+19
3.2e+19
3.035e+19
3e+19
3.025e+19
3.825e+19
3.925e+19
4e+19
4e+19
4e+19
4e+19
4e+19
4e+19
4e+19
4e+19
4e+19
4e+19
4e+19
4e+19
4e+19
4e+19
4e+19
4e+19
4e+19
4e+19
4e+19
4e+19
4e+19
4e+19
4e+19
4e+19
4e+19
4e+19
4e+19
4e+19
4e+19
4e+19
4e+19
4e+19
4e+19
4e+19
4e+19
4e+19
4e+19
4e+19
4e+19
4e+19
4e+19
4e+19
4e+19
4e+19
4e+19
4e+19
4e+19
4e+19
4e+19
4e+19
4e+19
4e+19
4e+19
4e+19
4e+19
4e+19
4e+19
4e+19
4e+19
4e+19
4e+19
4e+19
4e+19
4e+19
4e+19
4e+19
4e+19
4e+19
4e+19
4e+19
4e+19
4e+19
4e+19
4e+19
4e+19
4e+19
4e+19
4e+19
4e+19
4e+19
4e+19
4e+19
4e+19
4e+19
4e+19
4e+19
4e+19
4e+19
4e+19
4e+19
4e+19
4e+19
4e+19
4e+19
4e+19
4e+19
4e+19
4e+19
4e+19
4e+19
4e+19
4e+19
4e+19
4e+19
4e+19
4e+19
4e+19
4e+19
4e+19
4e+19
4e+19
4e+19
4e+19
4e+19
4e+19
4e+19
4e+19
4e+19
4e+19
4e+19
4e+19
4e+19
4e+19
4e+19
4e+19
4e+19
4e+19
4e+19
4e+19
4e+19
4e+19
4e+19
4e+19
4e+19
4e+19
4e+19
4e+19
4e+19
4e+19
4e+19
4e+19
4e+19
4e+19
4e+19
4e+19
4e+19
4e+19
4e+19
4e+19
4e+19
4e+19
4e+19
4e+19
4e+19
4e+19
4e+19
4e+19
4e+19
4e+19
4e+19
4e+19
4e+19
4e+19
4e+19
4e+19
4e+19
4e+19
4e+19
4e+19
4e+19
4e+19
4e+19
4e+19
4e+19
4e+19
4e+19
4e+19
4e+19
4e+19
4e+19
4e+19
4e+19
4e+19
4e+19
4e+19
4e+19
4e+19
4e+19
4e+19
4e+19
4e+19
4e+19
4e+19
4e+19
4e+19
4e+19
4e+19
4e+19
4e+19
4e+19
4e+19
4e+19
4e+19
4e+19
4e+19
4e+19
4e+19
4e+19
4e+19
4e+19
4e+19
4e+19
4e+19
4e+19
4e+19
4e+19
4e+19
4e+19
4e+19
4e+19
4e+19
4e+19
4e+19
4e+19
4e+19
4e+19
4e+19
4e+19
4e+19
4e+19
4e+19
4e+19
4e+19
4e+19
4e+19
4e+19
4e+19
4e+19
4e+19
4e+19
4e+19
4e+19
4e+19
4e+19
4e+19
4e+19
4e+19
4e+19
4e+19
4e+19
4e+19
4e+19
4e+19
4e+19
4e+19
4e+19
4e+19
4e+19
4e+19
4e+19
4e+19
4e+19
4e+19
4e+19
4e+19
4e+19
4e+19
4e+19
4e+19
4e+19
4e+19
4e+19
4e+19
4e+19
4e+19
4e+19
4e+19
4e+19
4e+19
4e+19
4e+19
4e+19
4e+19
4e+19
4e+19
4e+19
4e+19
4e+19
4e+19
4e+19
4e+19
4e+19
4e+19
4e+19
4e+19
4e+19
4e+19
4e+19
4e+19
4e+19
4e+19
4e+19
4e+19
4e+19
4e+19
4e+19
4e+19
4e+19
4e+19
4e+19
4e+19
4e+19
4e+19
4e+19
4e+19
4e+19
4e+19
4e+19
4e+19
4e+19
4e+19
4e+19
4e+19
4e+19
4e+19
4e+19
4e+19
4e+19
4e+19
4e+19
4e+19
4e+19
4e+19
4e+19
4e+19
4e+19
4e+19
4e+19
4e+19
4e+19
4e+19
4e+19
4e+19
4e+19
4e+19
4e+19
4e+19
4e+19
4e+19
4e+19
4e+19
4e+19
4e+19
4e+19
4e+19
4e+19
4e+19
4e+19
4e+19
4e+19
4e+19
4e+19
4e+19
4e+19
4e+19
4e+19
4e+19
4e+19
4e+19
4e+19
4e+19
4e+19
4e+19
4e+19
4e+19
4e+19
4e+19
4e+19
4e+19
4e+19
4e+19
4e+19
4e+19
4e+19
4e+19
4e+19
4e+19
4e+19
4e+19
4e+19
4e+19
4e+19
4e+19
4e+19
4e+19
4e+19
4e+19
4e+19
4e+19
4e+19
4e+19
4e+19
4e+19
4e+19
4e+19
4e+19
4e+19
4e+19
4e+19
4e+19
4e+19
4e+19
4e+19
4e+19
4e+19
4e+19
4e+19
4e+19
4e+19
4e+19
4e+19
4e+19
4e+19
4e+19
4e+19
4e+19
4e+19
4e+19
4e+19
4e+19
4e+19
4e+19
4e+19
4e+19
4e+19
4e+19
4e+19
4e+19
4e+19
4e+19
4e+19
4e+19
4e+19
4e+19
4e+19
4e+19
4e+19
4e+19
4e+19
4e+19
4e+19
4e+19
4e+19
4e+19
4e+19
4e+19
4e+19
4e+19
4e+19
4e+19
4e+19
4e+19
4e+19
4e+19
4e+19
4e+19
4e+19
4e+19
4e+19
4e+19
4e+19
4e+19
4e+19
4e+19
4e+19
4e+19
4e+19
4e+19
4e+19
4e+19
4e+19
4e+19
4e+19
4e+19
4e+19
4e+19
4e+19
4e+19
4e+19
4e+19
4e+19
4e+19
4e+19
4e+19
4e+19
4e+19
4e+19
4e+19
4e+19
4e+19
4e+19
4e+19
4e+19
4e+19
4e+19
4e+19
4e+19
4e+19
4e+19
4e+19
4e+19
4e+19
4e+19
4e+19
4e+19
4e+19
4e+19
4e+19
4e+19
4e+19
4e+19
4e+19
4e+19
4e+19
4e+19
4e+19
4e+19
4e+19
4e+19
4e+19
4e+19
4e+19
4e+19
4e+19
4e+19
4e+19
4e+19
4e+19
4e+19
4e+19
4e+19
4e+19
4e+19
4e+19
4e+19
4e+19
4e+19
4e+19
4e+19
4e+19
4e+19
4e+19
4e+19
4e+19
4e+19
4e+19
4e+19
4e+19
4e+19
4e+19
4e+19
4e+19
4e+19
4e+19
4e+19
4e+19
4e+19
4e+19
4e+19
4e+19
4e+19
4e+19
4e+19
4e+19
4e+19
4e+19
4e+19
4e+19
4e+19
4e+19
4e+19
4e+19
4e+19
4e+19
4e+19
4e+19
4e+19
4e+19
4e+19
4e+19
4e+19
4e+19
4e+19
4e+19
4e+19
4e+19
4e+19
4e+19
4e+19
4e+19
4e+19
4e+19
4e+19
4e+19
4e+19
4e+19
4e+19
4e+19
4e+19
4e+19
4e+19
4e+19
4e+19
4e+19
4e+19
4e+19
4e+19
4e+19
4e+19
4e+19
4e+19
4e+19
4e+19
4e+19
4e+19
4e+19
4e+19
4e+19
4e+19
4e+19
4e+19
4e+19
4e+19
4e+19
4e+19
4e+19
4e+19
4e+19
4e+19
4e+19
4e+19
4e+19
4e+19
4e+19
4e+19
4e+19
4e+19
4e+19
4e+19
4e+19
4e+19
4e+19
4e+19
4e+19
4e+19
4e+19
4e+19
4e+19
4e+19
4e+19
4e+19
4e+19
4e+19
4e+19
4e+19
4e+19
4e+19
4e+19
4e+19
4e+19
4e+19
4e+19
4e+19
4e+19
4e+19
4e+19
4e+19
4e+19
4e+19
4e+19
4e+19
4e+19
4e+19
4e+19
4e+19
4e+19
4e+19
4e+19
4e+19
4e+19
4e+19
4e+19
4e+19
4e+19
4e+19
4e+19
4e+19
4e+19
4e+19
4e+19
4e+19
4e+19
4e+19
4e+19
4e+19
4e+19
4e+19
4e+19
4e+19
4e+19
4e+19
4e+19
4e+19
4e+19
4e+19
4e+19
4e+19
4e+19
4e+19
4e+19
4e+19
4e+19
4e+19
4e+19
4e+19
4e+19
4e+19
4e+19
4e+19
4e+19
4e+19
4e+19
4e+19
4e+19
4e+19
4e+19
4e+19
4e+19
4e+19
4e+19
4e+19
4e+19
4e+19
4e+19
4e+19
4e+19
4e+19
4e+19
4e+19
4e+19
4e+19
4e+19
4e+19
4e+19
4e+19
4e+19
4e+19
4e+19
4e+19
4e+19
4e+19
4e+19
4e+19
4e+19
4e+19
4e+19
4e+19
4e+19
4e+19
4e+19
4e+19
4e+19
4e+19
4e+19
4e+19
4e+19
4e+19
4e+19
4e+19
4e+19
4e+19
4e+19
4e+19
4e+19
4e+19
4e+19
4e+19
4e+19
4e+19
4e+19
4e+19
4e+19
4e+19
4e+19
4e+19
4e+19
4e+19
4e+19
4e+19
4e+19
4e+19
4e+19
4e+19
4e+19
4e+19
4e+19
4e+19
4e+19
4e+19
4e+19
4e+19
4e+19
4e+19
4e+19
4e+19
4e+19
4e+19
4e+19
4e+19
4e+19
4e+19
4e+19
4e+19
4e+19
4e+19
4e+19
4e+19
4e+19
4e+19
4e+19
4e+19
4e+19
4e+19
4e+19
4e+19
4e+19
4e+19
4e+19
4e+19
4e+19
4e+19
4e+19
4e+19
4e+19
4e+19
4e+19
4e+19
4e+19
4e+19
4e+19
4e+19
4e+19
4e+19
4e+19
4e+19
4e+19
4e+19
4e+19
4e+19
4e+19
4e+19
4e+19
4e+19
4e+19
4e+19
4e+19
4e+19
4e+19
4e+19
4e+19
4e+19
4e+19
4e+19
4e+19
4e+19
4e+19
4e+19
4e+19
4e+19
4e+19
4e+19
4e+19
4e+19
4e+19
4e+19
4e+19
4e+19
4e+19
4e+19
4e+19
4e+19
4e+19
4e+19
4e+19
4e+19
4e+19
4e+19
4e+19
4e+19
4e+19
4e+19
4e+19
4e+19
4e+19
4e+19
4e+19
4e+19
4e+19
4e+19
4e+19
4e+19
4e+19
4e+19
4e+19
4e+19
4e+19
4e+19
4e+19
4e+19
4e+19
4e+19
4e+19
4e+19
4e+19
4e+19
4e+19
4e+19
4e+19
4e+19
4e+19
4e+19
4e+19
4e+19
4e+19
4e+19
4e+19
4e+19
4e+19
4e+19
4e+19
4e+19
4e+19
4e+19
4e+19
4e+19
4e+19
4e+19
4e+19
4e+19
4e+19
4e+19
4e+19
4e+19
4e+19
4e+19
4e+19
4e+19
4e+19
4e+19
4e+19
4e+19
4e+19
4e+19
4e+19
4e+19
4e+19
4e+19
4e+19
4e+19
4e+19
4e+19
4e+19
4e+19
4e+19
4e+19
4e+19
4e+19
4e+19
4e+19
4e+19
4e+19
4e+19
4e+19
4e+19
4e+19
4e+19
4e+19
4e+19
4e+19
4e+19
4e+19
4e+19
4e+19
4e+19
4e+19
4e+19
4e+19
4e+19
4e+19
4e+19
4e+19
4e+19
4e+19
4e+19
4e+19
4e+19
4e+19
4e+19
4e+19
4e+19
4e+19
4e+19
4e+19
4e+19
4e+19
4e+19
4e+19
4e+19
4e+19
4e+19
4e+19
4e+19
4e+19
4e+19
4e+19
4e+19
4e+19
4e+19
4e+19
4e+19
4e+19
4e+19
4e+19
4e+19
4e+19
4e+19
4e+19
4e+19
4e+19
4e+19
4e+19
4e+19
4e+19
4e+19
4e+19
4e+19
4e+19
4e+19
4e+19
4e+19
4e+19
4e+19
4e+19
4e+19
4e+19
4e+19
4e+19
4e+19
4e+19
4e+19
4e+19
4e+19
4e+19
4e+19
4e+19
4e+19
4e+19
4e+19
4e+19
4e+19
4e+19
4e+19
4e+19
4e+19
4e+19
4e+19
4e+19
4e+19
4e+19
4e+19
4e+19
4e+19
4e+19
4e+19
4e+19
4e+19
4e+19
4e+19
4e+19
4e+19
4e+19
4e+19
4e+19
4e+19
4e+19
4e+19
4e+19
4e+19
4e+19
4e+19
4e+19
4e+19
4e+19
4e+19
4e+19
4e+19
4e+19
4e+19
4e+19
4e+19
4e+19
4e+19
4e+19
4e+19
4e+19
4e+19
4e+19
4e+19
4e+19
4e+19
4e+19
4e+19
4e+19
4e+19
4e+19
4e+19
4e+19
4e+19
4e+19
4e+19
4e+19
4e+19
4e+19
4e+19
4e+19
4e+19
4e+19
4e+19
4e+19
4e+19
4e+19
4e+19
4e+19
4e+19
4e+19
4e+19
4e+19
4e+19
4e+19
4e+19
4e+19
4e+19
4e+19
4e+19
4e+19
4e+19
4e+19
4e+19
4e+19
4e+19
4e+19
4e+19
4e+19
4e+19
4e+19
4e+19
4e+19
4e+19
4e+19
4e+19
4e+19
4e+19
4e+19
4e+19
4e+19
4e+19
4e+19
4e+19
4e+19
4e+19
4e+19
4e+19
4e+19
4e+19
4e+19
4e+19
4e+19
4e+19
4e+19
4e+19
4e+19
4e+19
4e+19
4e+19
4e+19
4e+19
4e+19
4e+19
4e+19
4e+19
4e+19
4e+19
4e+19
4e+19
4e+19
4e+19
4e+19
4e+19
4e+19
4e+19
4e+19
4e+19
4e+19
4e+19
4e+19
4e+19
4e+19
4e+19
4e+19
4e+19
4e+19
4e+19
4e+19
4e+19
4e+19
4e+19
4e+19
4e+19
4e+19
4e+19
4e+19
4e+19
4e+19
4e+19
4e+19
4e+19
4e+19
4e+19
4e+19
4e+19
4e+19
4e+19
4e+19
4e+19
4e+19
4e+19
4e+19
4e+19
4e+19
4e+19
4e+19
4e+19
4e+19
4e+19
4e+19
4e+19
4e+19
4e+19
4e+19
4e+19
4e+19
4e+19
4e+19
4e+19
4e+19
4e+19
4e+19
4e+19
4e+19
4e+19
4e+19
4e+19
4e+19
4e+19
4e+19
4e+19
4e+19
4e+19
4e+19
4e+19
4e+19
4e+19
4e+19
4e+19
4e+19
4e+19
4e+19
4e+19
4e+19
4e+19
4e+19
4e+19
4e+19
4e+19
4e+19
4e+19
4e+19
4e+19
4e+19
4e+19
4e+19
4e+19
4e+19
4e+19
4e+19
4e+19
4e+19
4e+19
4e+19
4e+19
4e+19
4e+19
4e+19
4e+19
4e+19
4e+19
4e+19
4e+19
4e+19
4e+19
4e+19
4e+19
4e+19
4e+19
4e+19
4e+19
4e+19
4e+19
4e+19
4e+19
4e+19
4e+19
4e+19
4e+19
4e+19
4e+19
4e+19
4e+19
4e+19
4e+19
4e+19
4e+19
4e+19
4e+19
4e+19
4e+19
4e+19
4e+19
4e+19
4e+19
4e+19
4e+19
4e+19
4e+19
4e+19
4e+19
4e+19
4e+19
4e+19
4e+19
4e+19
4e+19
4e+19
4e+19
4e+19
4e+19
4e+19
4e+19
4e+19
4e+19
4e+19
4e+19
4e+19
4e+19
4e+19
4e+19
4e+19
4e+19
4e+19
4e+19
4e+19
4e+19
4e+19
4e+19
4e+19
4e+19
4e+19
4e+19
4e+19
4e+19
4e+19
4e+19
4e+19
4e+19
4e+19
4e+19
4e+19
4e+19
4e+19
4e+19
4e+19
4e+19
4e+19
4e+19
4e+19
4e+19
4e+19
4e+19
4e+19
4e+19
4e+19
4e+19
4e+19
4e+19
4e+19
4e+19
4e+19
4e+19
4e+19
4e+19
4e+19
4e+19
4e+19
4e+19
4e+19
4e+19
4e+19
4e+19
4e+19
4e+19
4e+19
4e+19
4e+19
4e+19
4e+19
4e+19
4e+19
4e+19
4e+19
4e+19
4e+19
4e+19
4e+19
4e+19
4e+19
4e+19
4e+19
4e+19
4e+19
4e+19
4e+19
4e+19
4e+19
4e+19
4e+19
4e+19
4e+19
4e+19
4e+19
4e+19
4e+19
4e+19
4e+19
4e+19
4e+19
4e+19
4e+19
4e+19
4e+19
4e+19
4e+19
4e+19
4e+19
4e+19
4e+19
4e+19
4e+19
4e+19
4e+19
4e+19
4e+19
4e+19
4e+19
4e+19
4e+19
4e+19
4e+19
4e+19
4e+19
4e+19
4e+19
4e+19
4e+19
4e+19
4e+19
4e+19
4e+19
4e+19
4e+19
4e+19
4e+19
4e+19
4e+19
4e+19
4e+19
4e+19
4e+19
4e+19
4e+19
4e+19
4e+19
4e+19
4e+19
4e+19
4e+19
4e+19
4e+19
4e+19
4e+19
4e+19
4e+19
4e+19
4e+19
4e+19
4e+19
4e+19
4e+19
4e+19
4e+19
4e+19
4e+19
4e+19
4e+19
4e+19
4e+19
4e+19
4e+19
4e+19
4e+19
4e+19
4e+19
4e+19
4e+19
4e+19
4e+19
4e+19
4e+19
4e+19
4e+19
4e+19
4e+19
4e+19
4e+19
4e+19
4e+19
4e+19
4e+19
4e+19
4e+19
4e+19
4e+19
4e+19
4e+19
4e+19
4e+19
4e+19
4e+19
4e+19
4e+19
4e+19
4e+19
4e+19
4e+19
4e+19
4e+19
4e+19
4e+19
4e+19
4e+19
4e+19
4e+19
4e+19
4e+19
4e+19
4e+19
4e+19
4e+19
4e+19
4e+19
4e+19
4e+19
4e+19
4e+19
4e+19
4e+19
4e+19
4e+19
4e+19
4e+19
4e+19
4e+19
4e+19
4e+19
4e+19
4e+19
4e+19
4e+19
4e+19
4e+19
4e+19
4e+19
4e+19
4e+19
4e+19
4e+19
4e+19
4e+19
4e+19
4e+19
4e+19
4e+19
4e+19
4e+19
4e+19
4e+19
4e+19
4e+19
4e+19
4e+19
4e+19
4e+19
4e+19
4e+19
4e+19
4e+19
4e+19
4e+19
4e+19
4e+19
4e+19
4e+19
4e+19
4e+19
4e+19
4e+19
4e+19
4e+19
4e+19
4e+19
4e+19
4e+19
4e+19
4e+19
4e+19
4e+19
4e+19
4e+19
4e+19
4e+19
4e+19
4e+19
4e+19
4e+19
4e+19
4e+19
4e+19
4e+19
4e+19
4e+19
4e+19
4e+19
4e+19
4e+19
4e+19
4e+19
4e+19
4e+19
4e+19
4e+19
4e+19
4e+19
4e+19
4e+19
4e+19
4e+19
4e+19
4e+19
4e+19
4e+19
4e+19
4e+19
4e+19
4e+19
4e+19
4e+19
4e+19
4e+19
4e+19
4e+19
4e+19
4e+19
4e+19
4e+19
4e+19
4e+19
4e+19
4e+19
4e+19
4e+19
4e+19
4e+19
4e+19
4e+19
4e+19
4e+19
4e+19
4e+19
4e+19
4e+19
4e+19
4e+19
4e+19
4e+19
4e+19
4e+19
4e+19
4e+19
4e+19
4e+19
4e+19
4e+19
4e+19
4e+19
4e+19
4e+19
4e+19
4e+19
4e+19
4e+19
4e+19
4e+19
4e+19
4e+19
4e+19
4e+19
4e+19
4e+19
4e+19
4e+19
4e+19
4e+19
4e+19
4e+19
4e+19
4e+19
4e+19
4e+19
4e+19
4e+19
4e+19
4e+19
4e+19
4e+19
4e+19
4e+19
4e+19
4e+19
4e+19
4e+19
4e+19
4e+19
4e+19
4e+19
4e+19
4e+19
4e+19
4e+19
4e+19
4e+19
4e+19
4e+19
4e+19
4e+19
4e+19
4e+19
4e+19
4e+19
4e+19
4e+19
4e+19
4e+19
4e+19
4e+19
4e+19
4e+19
4e+19
4e+19
4e+19
4e+19
4e+19
4e+19
4e+19
4e+19
4e+19
4e+19
4e+19
4e+19
4e+19
4e+19
4e+19
4e+19
4e+19
4e+19
4e+19
4e+19
4e+19
4e+19
4e+19
4e+19
4e+19
4e+19
4e+19
4e+19
4e+19
4e+19
4e+19
4e+19
4e+19
4e+19
4e+19
4e+19
4e+19
4e+19
4e+19
4e+19
4e+19
4e+19
4e+19
4e+19
4e+19
4e+19
4e+19
4e+19
4e+19
4e+19
4e+19
4e+19
4e+19
4e+19
4e+19
4e+19
4e+19
4e+19
4e+19
4e+19
4e+19
4e+19
4e+19
4e+19
4e+19
4e+19
4e+19
4e+19
4e+19
4e+19
4e+19
4e+19
4e+19
4e+19
4e+19
4e+19
4e+19
4e+19
4e+19
4e+19
4e+19
4e+19
4e+19
4e+19
4e+19
4e+19
4e+19
4e+19
4e+19
4e+19
4e+19
4e+19
4e+19
4e+19
4e+19
4e+19
4e+19
4e+19
4e+19
4e+19
4e+19
4e+19
4e+19
4e+19
4e+19
4e+19
4e+19
4e+19
4e+19
4e+19
4e+19
4e+19
4e+19
4e+19
4e+19
4e+19
4e+19
4e+19
4e+19
4e+19
4e+19
4e+19
4e+19
4e+19
4e+19
4e+19
4e+19
4e+19
4e+19
4e+19
4e+19
4e+19
4e+19
4e+19
4e+19
4e+19
4e+19
4e+19
4e+19
4e+19
4e+19
4e+19
4e+19
4e+19
4e+19
4e+19
4e+19
4e+19
4e+19
4e+19
4e+19
4e+19
4e+19
4e+19
4e+19
4e+19
4e+19
4e+19
4e+19
4e+19
4e+19
4e+19
4e+19
4e+19
4e+19
4e+19
4e+19
4e+19
4e+19
4e+19
4e+19
4e+19
4e+19
4e+19
4e+19
4e+19
4e+19
4e+19
4e+19
4e+19
4e+19
4e+19
4e+19
4e+19
4e+19
4e+19
4e+19
4e+19
4e+19
4e+19
4e+19
4e+19
4e+19
4e+19
4e+19
4e+19
4e+19
4e+19
4e+19
4e+19
4e+19
4e+19
4e+19
4e+19
4e+19
4e+19
4e+19
4e+19
4e+19
4e+19
4e+19
4e+19
4e+19
4e+19
4e+19
4e+19
4e+19
4e+19
4e+19
4e+19
4e+19
4e+19
4e+19
4e+19
4e+19
4e+19
4e+19
4e+19
4e+19
4e+19
4e+19
4e+19
4e+19
4e+19
4e+19
4e+19
4e+19
4e+19
4e+19
4e+19
4e+19
4e+19
4e+19
4e+19
4e+19
4e+19
4e+19
4e+19
4e+19
4e+19
4e+19
4e+19
4e+19
4e+19
4e+19
4e+19
4e+19
4e+19
4e+19
4e+19
4e+19
4e+19
4e+19
4e+19
4e+19
4e+19
4e+19
4e+19
4e+19
4e+19
4e+19
4e+19
4e+19
4e+19
4e+19
4e+19
4e+19
4e+19
4e+19
4e+19
4e+19
4e+19
4e+19
4e+19
4e+19
4e+19
4e+19
4e+19
4e+19
4e+19
4e+19
4e+19
4e+19
4e+19
4e+19
4e+19
4e+19
4e+19
4e+19
4e+19
4e+19
4e+19
4e+19
4e+19
4e+19
4e+19
4e+19
4e+19
4e+19
4e+19
4e+19
4e+19
4e+19
4e+19
4e+19
4e+19
4e+19
4e+19
4e+19
4e+19
4e+19
4e+19
4e+19
4e+19
4e+19
4e+19
4e+19
4e+19
4e+19
4e+19
4e+19
4e+19
4e+19
4e+19
4e+19
4e+19
4e+19
4e+19
4e+19
4e+19
4e+19
4e+19
4e+19
4e+19
4e+19
4e+19
4e+19
4e+19
4e+19
4e+19
4e+19
4e+19
4e+19
4e+19
4e+19
4e+19
4e+19
4e+19
4e+19
4e+19
4e+19
4e+19
4e+19
4e+19
4e+19
4e+19
4e+19
4e+19
4e+19
4e+19
4e+19
4e+19
4e+19
4e+19
4e+19
4e+19
4e+19
4e+19
4e+19
4e+19
4e+19
4e+19
4e+19
4e+19
4e+19
4e+19
4e+19
4e+19
4e+19
4e+19
4e+19
4e+19
4e+19
4e+19
4e+19
4e+19
4e+19
4e+19
4e+19
4e+19
4e+19
4e+19
4e+19
4e+19
4e+19
4e+19
4e+19
4e+19
4e+19
4e+19
4e+19
4e+19
4e+19
4e+19
4e+19
4e+19
4e+19
4e+19
4e+19
4e+19
4e+19
4e+19
4e+19
4e+19
4e+19
4e+19
4e+19
4e+19
4e+19
4e+19
4e+19
4e+19
4e+19
4e+19
4e+19
4e+19
4e+19
4e+19
4e+19
4e+19
4e+19
4e+19
4e+19
4e+19
4e+19
4e+19
4e+19
4e+19
4e+19
4e+19
4e+19
4e+19
4e+19
4e+19
4e+19
4e+19
4e+19
4e+19
4e+19
4e+19
4e+19
4e+19
4e+19
4e+19
4e+19
4e+19
4e+19
4e+19
4e+19
4e+19
4e+19
4e+19
4e+19
4e+19
4e+19
4e+19
4e+19
4e+19
4e+19
4e+19
4e+19
4e+19
4e+19
4e+19
4e+19
4e+19
4e+19
4e+19
4e+19
4e+19
4e+19
4e+19
4e+19
4e+19
4e+19
4e+19
4e+19
4e+19
4e+19
4e+19
4e+19
4e+19
4e+19
4e+19
4e+19
4e+19
4e+19
4e+19
4e+19
4e+19
4e+19
4e+19
4e+19
4e+19
4e+19
4e+19
4e+19
4e+19
4e+19
4e+19
4e+19
4e+19
4e+19
4e+19
4e+19
4e+19
4e+19
4e+19
4e+19
4e+19
4e+19
4e+19
4e+19
4e+19
4e+19
4e+19
4e+19
4e+19
4e+19
4e+19
4e+19
4e+19
4e+19
4e+19
4e+19
4e+19
4e+19
4e+19
4e+19
4e+19
4e+19
4e+19
4e+19
4e+19
4e+19
4e+19
4e+19
4e+19
4e+19
4e+19
4e+19
4e+19
4e+19
4e+19
4e+19
4e+19
4e+19
4e+19
4e+19
4e+19
4e+19
4e+19
4e+19
4e+19
4e+19
4e+19
4e+19
4e+19
4e+19
4e+19
4e+19
4e+19
4e+19
4e+19
4e+19
4e+19
4e+19
4e+19
4e+19
4e+19
4e+19
4e+19
4e+19
4e+19
4e+19
4e+19
4e+19
4e+19
4e+19
4e+19
4e+19
4e+19
4e+19
4e+19
4e+19
4e+19
4e+19
4e+19
4e+19
4e+19
4e+19
4e+19
4e+19
4e+19
4e+19
4e+19
4e+19
4e+19
4e+19
4e+19
4e+19
4e+19
4e+19
4e+19
4e+19
4e+19
4e+19
4e+19
4e+19
4e+19
4e+19
4e+19
4e+19
4e+19
4e+19
4e+19
4e+19
4e+19
4e+19
4e+19
4e+19
4e+19
4e+19
4e+19
4e+19
4e+19
4e+19
4e+19
4e+19
4e+19
4e+19
4e+19
4e+19
4e+19
4e+19
4e+19
4e+19
4e+19
4e+19
4e+19
4e+19
4e+19
4e+19
4e+19
4e+19
4e+19
4e+19
4e+19
4e+19
4e+19
4e+19
4e+19
4e+19
4e+19
4e+19
4e+19
4e+19
4e+19
4e+19
4e+19
4e+19
4e+19
4e+19
4e+19
4e+19
4e+19
4e+19
4e+19
4e+19
4e+19
4e+19
4e+19
4e+19
4e+19
4e+19
4e+19
4e+19
4e+19
4e+19
4e+19
4e+19
4e+19
4e+19
4e+19
4e+19
4e+19
4e+19
4e+19
4e+19
4e+19
4e+19
4e+19
4e+19
4e+19
4e+19
4e+19
4e+19
4e+19
4e+19
4e+19
4e+19
4e+19
4e+19
4e+19
4e+19
4e+19
4e+19
4e+19
4e+19
4e+19
4e+19
4e+19
4e+19
4e+19
4e+19
4e+19
4e+19
4e+19
4e+19
4e+19
4e+19
4e+19
4e+19
4e+19
4e+19
4e+19
4e+19
4e+19
4e+19
4e+19
4e+19
4e+19
4e+19
4e+19
4e+19
4e+19
4e+19
4e+19
4e+19
4e+19
4e+19
4e+19
4e+19
4e+19
4e+19
4e+19
4e+19
4e+19
4e+19
4e+19
4e+19
4e+19
4e+19
4e+19
4e+19
4e+19
4e+19
4e+19
4e+19
4e+19
4e+19
4e+19
4e+19
4e+19
4e+19
4e+19
4e+19
4e+19
4e+19
4e+19
4e+19
4e+19
4e+19
4e+19
4e+19
4e+19
4e+19
4e+19
4e+19
4e+19
4e+19
4e+19
4e+19
4e+19
4e+19
4e+19
4e+19
4e+19
4e+19
4e+19
4e+19
4e+19
4e+19
4e+19
4e+19
4e+19
4e+19
4e+19
4e+19
4e+19
4e+19
4e+19
4e+19
4e+19
4e+19
4e+19
4e+19
4e+19
4e+19
4e+19
4e+19
4e+19
4e+19
4e+19
4e+19
4e+19
4e+19
4e+19
4e+19
4e+19
4e+19
4e+19
4e+19
4e+19
4e+19
4e+19
4e+19
4e+19
4e+19
4e+19
4e+19
4e+19
4e+19
4e+19
4e+19
4e+19
4e+19
4e+19
4e+19
4e+19
4e+19
4e+19
4e+19
4e+19
4e+19
4e+19
4e+19
4e+19
4e+19
4e+19
4e+19
4e+19
4e+19
4e+19
4e+19
4e+19
4e+19
4e+19
4e+19
4e+19
4e+19
4e+19
4e+19
4e+19
4e+19
4e+19
4e+19
4e+19
4e+19
4e+19
4e+19
4e+19
4e+19
4e+19
4e+19
4e+19
4e+19
4e+19
4e+19
4e+19
4e+19
4e+19
4e+19
4e+19
4e+19
4e+19
4e+19
4e+19
4e+19
4e+19
4e+19
4e+19
4e+19
4e+19
4e+19
4e+19
4e+19
4e+19
4e+19
4e+19
4e+19
4e+19
4e+19
4e+19
4e+19
4e+19
4e+19
4e+19
4e+19
4e+19
4e+19
4e+19
4e+19
4e+19
4e+19
4e+19
4e+19
4e+19
4e+19
4e+19
4e+19
4e+19
4e+19
4e+19
4e+19
4e+19
4e+19
4e+19
4e+19
4e+19
4e+19
4e+19
4e+19
4e+19
4e+19
4e+19
4e+19
4e+19
4e+19
4e+19
4e+19
4e+19
4e+19
4e+19
4e+19
4e+19
4e+19
4e+19
4e+19
4e+19
4e+19
4e+19
4e+19
4e+19
4e+19
4e+19
4e+19
4e+19
4e+19
4e+19
4e+19
4e+19
4e+19
4e+19
4e+19
4e+19
4e+19
4e+19
4e+19
4e+19
4e+19
4e+19
4e+19
4e+19
4e+19
4e+19
4e+19
4e+19
4e+19
4e+19
4e+19
4e+19
4e+19
4e+19
4e+19
4e+19
4e+19
4e+19
4e+19
4e+19
4e+19
4e+19
4e+19
4e+19
4e+19
4e+19
4e+19
4e+19
4e+19
4e+19
4e+19
4e+19
4e+19
4e+19
4e+19
4e+19
4e+19
4e+19
4e+19
4e+19
4e+19
4e+19
4e+19
4e+19
4e+19
4e+19
4e+19
4e+19
4e+19
4e+19
4e+19
4e+19
4e+19
4e+19
4e+19
4e+19
4e+19
4e+19
4e+19
4e+19
4e+19
4e+19
4e+19
4e+19
4e+19
4e+19
4e+19
4e+19
4e+19
4e+19
4e+19
4e+19
4e+19
4e+19
4e+19
4e+19
4e+19
4e+19
4e+19
4e+19
4e+19
4e+19
4e+19
4e+19
4e+19
4e+19
4e+19
4e+19
4e+19
4e+19
4e+19
4e+19
4e+19
4e+19
4e+19
4e+19
4e+19
4e+19
4e+19
4e+19
4e+19
4e+19
4e+19
4e+19
4e+19
4e+19
4e+19
4e+19
4e+19
4e+19
4e+19
4e+19
4e+19
4e+19
4e+19
4e+19
4e+19
4e+19
4e+19
4e+19
4e+19
4e+19
4e+19
4e+19
4e+19
4e+19
4e+19
4e+19
4e+19
4e+19
4e+19
4e+19
4e+19
4e+19
4e+19
4e+19
4e+19
4e+19
4e+19
4e+19
4e+19
4e+19
4e+19
4e+19
4e+19
4e+19
4e+19
4e+19
4e+19
4e+19
4e+19
4e+19
4e+19
4e+19
4e+19
4e+19
4e+19
4e+19
4e+19
4e+19
4e+19
4e+19
4e+19
4e+19
4e+19
4e+19
4e+19
4e+19
4e+19
4e+19
4e+19
4e+19
4e+19
4e+19
4e+19
4e+19
4e+19
4e+19
4e+19
4e+19
4e+19
4e+19
4e+19
4e+19
4e+19
4e+19
4e+19
4e+19
4e+19
4e+19
4e+19
4e+19
4e+19
4e+19
4e+19
4e+19
4e+19
4e+19
4e+19
4e+19
4e+19
4e+19
4e+19
4e+19
4e+19
4e+19
4e+19
4e+19
4e+19
4e+19
4e+19
4e+19
4e+19
4e+19
4e+19
4e+19
4e+19
4e+19
4e+19
4e+19
4e+19
4e+19
4e+19
4e+19
4e+19
4e+19
4e+19
4e+19
4e+19
4e+19
4e+19
4e+19
4e+19
4e+19
4e+19
4e+19
4e+19
4e+19
4e+19
4e+19
4e+19
4e+19
4e+19
4e+19
4e+19
4e+19
4e+19
4e+19
4e+19
4e+19
4e+19
4e+19
4e+19
4e+19
4e+19
4e+19
4e+19
4e+19
4e+19
4e+19
4e+19
4e+19
4e+19
4e+19
4e+19
4e+19
4e+19
4e+19
4e+19
4e+19
4e+19
4e+19
4e+19
4e+19
4e+19
4e+19
4e+19
4e+19
4e+19
4e+19
4e+19
4e+19
4e+19
4e+19
4e+19
4e+19
4e+19
4e+19
4e+19
4e+19
4e+19
4e+19
4e+19
4e+19
4e+19
4e+19
4e+19
4e+19
4e+19
4e+19
4e+19
4e+19
4e+19
4e+19
4e+19
4e+19
4e+19
4e+19
4e+19
4e+19
4e+19
4e+19
4e+19
4e+19
4e+19
4e+19
4e+19
4e+19
4e+19
4e+19
4e+19
4e+19
4e+19
4e+19
4e+19
4e+19
4e+19
4e+19
4e+19
4e+19
4e+19
4e+19
4e+19
4e+19
4e+19
4e+19
4e+19
4e+19
4e+19
4e+19
4e+19
4e+19
4e+19
4e+19
4e+19
4e+19
4e+19
4e+19
4e+19
4e+19
4e+19
4e+19
4e+19
4e+19
4e+19
4e+19
4e+19
4e+19
4e+19
4e+19
4e+19
4e+19
4e+19
4e+19
4e+19
4e+19
4e+19
4e+19
4e+19
4e+19
4e+19
4e+19
4e+19
4e+19
4e+19
4e+19
4e+19
4e+19
4e+19
4e+19
4e+19
4e+19
4e+19
4e+19
4e+19
4e+19
4e+19
4e+19
4e+19
4e+19
4e+19
4e+19
4e+19
4e+19
4e+19
4e+19
4e+19
4e+19
4e+19
4e+19
4e+19
4e+19
4e+19
4e+19
4e+19
4e+19
4e+19
4e+19
4e+19
4e+19
4e+19
4e+19
4e+19
4e+19
4e+19
4e+19
4e+19
4e+19
4e+19
4e+19
4e+19
4e+19
4e+19
4e+19
4e+19
4e+19
4e+19
4e+19
4e+19
4e+19
4e+19
4e+19
4e+19
4e+19
4e+19
4e+19
4e+19
4e+19
4e+19
4e+19
4e+19
4e+19
4e+19
4e+19
4e+19
4e+19
4e+19
4e+19
4e+19
4e+19
4e+19
4e+19
4e+19
4e+19
4e+19
4e+19
4e+19
4e+19
4e+19
4e+19
4e+19
4e+19
4e+19
4e+19
4e+19
4e+19
4e+19
4e+19
4e+19
4e+19
4e+19
4e+19
4e+19
4e+19
4e+19
4e+19
4e+19
4e+19
4e+19
4e+19
4e+19
4e+19
4e+19
4e+19
4e+19
4e+19
4e+19
4e+19
4e+19
4e+19
4e+19
4e+19
4e+19
4e+19
4e+19
4e+19
4e+19
4e+19
4e+19
4e+19
4e+19
4e+19
4e+19
4e+19
4e+19
4e+19
4e+19
4e+19
4e+19
4e+19
4e+19
4e+19
4e+19
4e+19
4e+19
4e+19
4e+19
4e+19
4e+19
4e+19
4e+19
4e+19
4e+19
4e+19
4e+19
4e+19
4e+19
4e+19
4e+19
4e+19
4e+19
4e+19
4e+19
4e+19
4e+19
4e+19
4e+19
4e+19
4e+19
4e+19
4e+19
4e+19
4e+19
4e+19
4e+19
4e+19
4e+19
4e+19
4e+19
4e+19
4e+19
4e+19
4e+19
4e+19
4e+19
4e+19
4e+19
4e+19
4e+19
4e+19
4e+19
4e+19
4e+19
4e+19
4e+19
4e+19
4e+19
4e+19
4e+19
4e+19
4e+19
4e+19
4e+19
4e+19
4e+19
4e+19
4e+19
4e+19
4e+19
4e+19
4e+19
4e+19
4e+19
4e+19
4e+19
4e+19
4e+19
4e+19
4e+19
4e+19
4e+19
4e+19
4e+19
4e+19
4e+19
4e+19
4e+19
4e+19
4e+19
4e+19
4e+19
4e+19
4e+19
4e+19
4e+19
4e+19
4e+19
4e+19
4e+19
4e+19
4e+19
4e+19
4e+19
4e+19
4e+19
4e+19
4e+19
4e+19
4e+19
4e+19
4e+19
4e+19
4e+19
4e+19
4e+19
4e+19
4e+19
4e+19
4e+19
4e+19
4e+19
4e+19
4e+19
4e+19
4e+19
4e+19
4e+19
4e+19
4e+19
4e+19
4e+19
4e+19
4e+19
4e+19
4e+19
4e+19
4e+19
4e+19
4e+19
4e+19
4e+19
4e+19
4e+19
4e+19
4e+19
4e+19
4e+19
4e+19
4e+19
4e+19
4e+19
4e+19
4e+19
4e+19
4e+19
4e+19
4e+19
4e+19
4e+19
4e+19
4e+19
4e+19
4e+19
4e+19
4e+19
4e+19
4e+19
4e+19
4e+19
4e+19
4e+19
4e+19
4e+19
4e+19
4e+19
4e+19
4e+19
4e+19
4e+19
4e+19
4e+19
4e+19
4e+19
4e+19
4e+19
4e+19
4e+19
4e+19
4e+19
4e+19
4e+19
4e+19
4e+19
4e+19
4e+19
4e+19
4e+19
4e+19
4e+19
4e+19
4e+19
4e+19
4e+19
4e+19
4e+19
4e+19
4e+19
4e+19
4e+19
4e+19
4e+19
4e+19
4e+19
4e+19
4e+19
4e+19
4e+19
4e+19
4e+19
4e+19
4e+19
4e+19
4e+19
4e+19
4e+19
4e+19
4e+19
4e+19
4e+19
4e+19
4e+19
4e+19
4e+19
4e+19
4e+19
4e+19
4e+19
4e+19
4e+19
4e+19
4e+19
4e+19
4e+19
4e+19
4e+19
4e+19
4e+19
4e+19
4e+19
4e+19
4e+19
4e+19
4e+19
4e+19
4e+19
4e+19
4e+19
4e+19
4e+19
4e+19
4e+19
4e+19
4e+19
4e+19
4e+19
4e+19
4e+19
4e+19
4e+19
4e+19
4e+19
4e+19
4e+19
4e+19
4e+19
4e+19
4e+19
4e+19
4e+19
4e+19
4e+19
4e+19
4e+19
4e+19
4e+19
4e+19
4e+19
4e+19
4e+19
4e+19
4e+19
4e+19
4e+19
4e+19
4e+19
4e+19
4e+19
4e+19
4e+19
4e+19
4e+19
4e+19
4e+19
4e+19
4e+19
4.0018263338457e+19
4.0073066596321e+19
4.0164449549121e+19
4.0292478650002e+19
4.045724727205e+19
4.0658876050429e+19
4.0897513327291e+19
4.1173335703282e+19
4.1486548700526e+19
4.1837387542933e+19
4.2226118060916e+19
4.2653037728804e+19
4.3118476844679e+19
4.3622799863936e+19
4.4166406899648e+19
4.4749735404814e+19
4.5373262053902e+19
4.603750484371e+19
4.6743025436637e+19
4.7490431772968e+19
4.8280380982876e+19
4.9113582633666e+19
4.9990802353388e+19
5.0912865878585e+19
5.1880663581827e+19
5.2895155543994e+19
5.3957377247445e+19
5.5068445979633e+19
5.6229568052851e+19
5.7442046965423e+19
5.870729265352e+19
6.0026832012031e+19
6.1402320899024e+19
6.2835557883034e+19
6.4328500048277e+19
6.5883281243084e+19
6.7502233245705e+19
6.9187910435072e+19
7.0943118700009e+19
7.2770949509844e+19
7.4674820317667e+19
7.6658522796325e+19
7.872628084748e+19
8.0882820920765e+19
8.3133457999249e+19
8.5484201748272e+19
8.7941888938447e+19
9.0514350575665e+19
9.3210625576035e+19
9.6041237923142e+19
9.9018562063721e+19
1.0215731360746e+20
1.0547522236833e+20
1.0899397832275e+20
1.1274059967091e+20
1.1674947951827e+20
1.2106557549962e+20
1.2574963712858e+20
1.3088733549245e+20
1.3660659380475e+20
1.4311447723067e+20
1.5079022395509e+20
1.6049759781385e+20
1.7566680972884e+20
1.9726e+20
2.1452e+20
2.3178e+20
2.5004e+20
2.683e+20
2.8656e+20
3.0482e+20
3.2356e+20
3.423e+20
3.6104e+20
3.7978e+20
3.9852e+20
3.9925e+20
3.9975e+20
4e+20
4e+20
4e+20
