 4.00000000000000E+0020
 4.00000000000000E+0020
 4.00000000000000E+0020
 4.00000000000000E+0020
 3.98750000000000E+0020
 3.95000000000000E+0020
 3.90000000000000E+0020
 3.70000000000000E+0020
 3.40000000000000E+0020
 2.80000000000000E+0020
 2.20000000000000E+0020
 1.60000000000000E+0020
 1.00000000000000E+0020
 7.00000000000000E+0019
 6.00000000000000E+0019
 5.00000000000000E+0019
 4.30000000000000E+0019
 3.20000000000000E+0019
 3.03500000000000E+0019
 3.00000000000000E+0019
 3.02500000000000E+0019
 3.82500000000000E+0019
 3.92500000000000E+0019
 4.00000000000000E+0019
 4.00000000000000E+0019
 4.00000000000000E+0019
 4.00000000000000E+0019
 4.00000000000000E+0019
 4.00000000000000E+0019
 4.00000000000000E+0019
 4.00000000000000E+0019
 4.00000000000000E+0019
 4.00000000000000E+0019
 4.00000000000000E+0019
 4.00000000000000E+0019
 4.00000000000000E+0019
 4.00000000000000E+0019
 4.00000000000000E+0019
 4.00000000000000E+0019
 4.00000000000000E+0019
 4.00000000000000E+0019
 4.00000000000000E+0019
 4.00000000000000E+0019
 4.00000000000000E+0019
 4.00000000000000E+0019
 4.00000000000000E+0019
 4.00000000000000E+0019
 4.00000000000000E+0019
 4.00000000000000E+0019
 4.00000000000000E+0019
 4.00000000000000E+0019
 4.00000000000000E+0019
 4.00000000000000E+0019
 4.00000000000000E+0019
 4.00000000000000E+0019
 4.00000000000000E+0019
 4.00000000000000E+0019
 4.00000000000000E+0019
 4.00000000000000E+0019
 4.00000000000000E+0019
 4.00000000000000E+0019
 4.00182633384574E+0019
 4.00730665963211E+0019
 4.01644495491211E+0019
 4.02924786500023E+0019
 4.04572472720496E+0019
 4.06588760504293E+0019
 4.08975133272906E+0019
 4.11733357032824E+0019
 4.14865487005259E+0019
 4.18373875429330E+0019
 4.22261180609165E+0019
 4.26530377288044E+0019
 4.31184768446786E+0019
 4.36227998639356E+0019
 4.41664068996476E+0019
 4.47497354048140E+0019
 4.53732620539018E+0019
 4.60375048437097E+0019
 4.67430254366374E+0019
 4.74904317729679E+0019
 4.82803809828756E+0019
 4.91135826336662E+0019
 4.99908023533878E+0019
 5.09128658785846E+0019
 5.18806635818272E+0019
 5.28951555439940E+0019
 5.39573772474455E+0019
 5.50684459796334E+0019
 5.62295680528509E+0019
 5.74420469654234E+0019
 5.87072926535200E+0019
 6.00268320120308E+0019
 6.14023208990238E+0019
 6.28355578830337E+0019
 6.43285000482772E+0019
 6.58832812430839E+0019
 6.75022332457049E+0019
 6.91879104350720E+0019
 7.09431187000095E+0019
 7.27709495098437E+0019
 7.46748203176670E+0019
 7.66585227963250E+0019
 7.87262808474798E+0019
 8.08828209207650E+0019
 8.31334579992494E+0019
 8.54842017482723E+0019
 8.79418889384471E+0019
 9.05143505756655E+0019
 9.32106255760350E+0019
 9.60412379231424E+0019
 9.90185620637213E+0019
 1.02157313607461E+0020
 1.05475222368326E+0020
 1.08993978322753E+0020
 1.12740599670913E+0020
 1.16749479518273E+0020
 1.21065575499616E+0020
 1.25749637128584E+0020
 1.30887335492452E+0020
 1.36606593804746E+0020
 1.43114477230667E+0020
 1.50790223955087E+0020
 1.60497597813852E+0020
 1.75666809728842E+0020
 1.97260000000000E+0020
 2.14520000000000E+0020
 2.31780000000000E+0020
 2.50040000000000E+0020
 2.68300000000000E+0020
 2.86560000000000E+0020
 3.04820000000000E+0020
 3.23560000000000E+0020
 3.42300000000000E+0020
 3.61040000000000E+0020
 3.79780000000000E+0020
 3.98520000000000E+0020
 3.99250000000000E+0020
 3.99750000000000E+0020
 4.00000000000000E+0020
 4.00000000000000E+0020
 4.00000000000000E+0020
