 4.00000008016351E+0020
 3.97577176969942E+0020
 3.94925154923746E+0020
 3.91262145129950E+0020
 3.85694007140660E+0020
 3.77009835606066E+0020
 3.63866150462330E+0020
 3.44947795065142E+0020
 3.18565251051168E+0020
 2.85870138103249E+0020
 2.48739683209811E+0020
 2.12575004145840E+0020
 1.80108818314917E+0020
 1.52879069805417E+0020
 1.32105987825751E+0020
 1.16524131249375E+0020
 1.04212943533632E+0020
 9.41235873426482E+0019
 8.53836837626661E+0019
 7.87136416082978E+0019
 7.35668892513295E+0019
 6.97062840238824E+0019
 6.72499970376634E+0019
 6.51813538709331E+0019
 6.34046046530982E+0019
 6.18389968521685E+0019
 6.04495176198689E+0019
 5.92084812534120E+0019
 5.80936952101030E+0019
 5.70871670816647E+0019
 5.61741326259595E+0019
 5.53424180502447E+0019
 5.45818506729399E+0019
 5.38838894877207E+0019
 5.32412821158903E+0019
 5.26478844864726E+0019
 5.20983881573288E+0019
 5.15882455483663E+0019
 5.11134940196787E+0019
 5.06706855028012E+0019
 5.02568117339202E+0019
 4.98692162929432E+0019
 4.95055638171725E+0019
 4.91637872247481E+0019
 4.88420349380888E+0019
 4.85386752819389E+0019
 4.82522217165776E+0019
 4.79813724202378E+0019
 4.77249311242684E+0019
 4.74818291033671E+0019
 4.72510987873016E+0019
 4.70318605667695E+0019
 4.68233052012130E+0019
 4.66247202070971E+0019
 4.64354326833057E+0019
 4.62548400974667E+0019
 4.60823926937664E+0019
 4.59175671046697E+0019
 4.57599059333397E+0019
 4.56089693751251E+0019
 4.54643660038865E+0019
 4.53257131895774E+0019
 4.51926810787095E+0019
 4.50649486138876E+0019
 4.49422211259952E+0019
 4.48242391302883E+0019
 4.47107343459298E+0019
 4.46014736764544E+0019
 4.44962372195367E+0019
 4.43948270630837E+0019
 4.42970408969558E+0019
 4.42027071973391E+0019
 4.41116500423732E+0019
 4.40237198984767E+0019
 4.39387672320682E+0019
 4.38566513056594E+0019
 4.37772313817619E+0019
 4.37003887131199E+0019
 4.36260221446636E+0019
 4.35540085310908E+0019
 4.34842511153782E+0019
 4.34166355483165E+0019
 4.33510958592080E+0019
 4.32875264949365E+0019
 4.32258614848043E+0019
 4.31660128678812E+0019
 4.31079102754230E+0019
 4.30514701445460E+0019
 4.29966528928316E+0019
 4.29433705593496E+0019
 4.28915659694953E+0019
 4.28411995408501E+0019
 4.27922009046699E+0019
 4.27445084883035E+0019
 4.26981046995649E+0019
 4.26529191697098E+0019
 4.26089255104592E+0019
 4.25660665472085E+0019
 4.25243070955856E+0019
 4.24836075731718E+0019
 4.24439371936416E+0019
 4.24052431804370E+0019
 4.23675035433252E+0019
 4.23306918940272E+0019
 4.22947642520780E+0019
 4.22597030252915E+0019
 4.22254730292956E+0019
 4.21920522738577E+0019
 4.21594055746058E+0019
 4.21275109413072E+0019
 4.20963551798226E+0019
 4.20659031057797E+0019
 4.20361371269925E+0019
 4.20070308551821E+0019
 4.19785710962087E+0019
 4.19507402578864E+0019
 4.19235119519362E+0019
 4.18968729842184E+0019
 4.18708013645006E+0019
 4.18452882966897E+0019
 4.18203073925066E+0019
 4.17958498558584E+0019
 4.17719024926054E+0019
 4.17484477105617E+0019
 4.17254679175412E+0019
 4.17029455213578E+0019
 4.16808937161511E+0019
 4.16592685214560E+0019
 4.16380787333655E+0019
 4.16173111577401E+0019
 4.15969438043472E+0019
 4.15769678770938E+0019
 4.15573789779333E+0019
 4.15381639127263E+0019
 4.15193138853797E+0019
 4.15008200998005E+0019
 4.14826781579422E+0019
 4.14648616715257E+0019
 4.14473750385976E+0019
 4.14302094630647E+0019
 4.14133605468807E+0019
 4.13968062998129E+0019
 4.13805599160009E+0019
 4.13645950071656E+0019
 4.13489203694000E+0019
 4.13335272066111E+0019
 4.13183935285664E+0019
 4.13035237333124E+0019
 4.12889046267095E+0019
 4.12745406068042E+0019
 4.12604228775036E+0019
 4.12465426427145E+0019
 4.12328911063440E+0019
 4.12194726664387E+0019
 4.12062741288588E+0019
 4.11932910955581E+0019
 4.11805323626294E+0019
 4.11679759398401E+0019
 4.11556262252370E+0019
 4.11434744227268E+0019
 4.11315161342631E+0019
 4.11197601559389E+0019
 4.11081800994752E+0019
 4.10967759648719E+0019
 4.10855477521290E+0019
 4.10744910632001E+0019
 4.10636102961316E+0019
 4.10529054509236E+0019
 4.10423677314830E+0019
 4.10319883417168E+0019
 4.10217628835785E+0019
 4.10116913570681E+0019
 4.10017605680460E+0019
 4.09919837106518E+0019
 4.09823519887925E+0019
 4.09728654024680E+0019
 4.09635151555854E+0019
 4.09542968500982E+0019
 4.09452192820992E+0019
 4.09362648594026E+0019
 4.09274379800548E+0019
 4.09187430421024E+0019
 4.09101756474988E+0019
 4.09017313981974E+0019
 4.08934058961519E+0019
 4.08851903452692E+0019
 4.08770891435957E+0019
 4.08690978930850E+0019
 4.08612165937372E+0019
 4.08534364494590E+0019
 4.08457794504832E+0019
 4.08382236065771E+0019
 4.08307689177408E+0019
 4.08234065878812E+0019
 4.08161498111379E+0019
 4.08089853933713E+0019
 4.08019133345814E+0019
 4.07949380328148E+0019
 4.07880550900249E+0019
 4.07812601081653E+0019
 4.07745530872359E+0019
 4.07679296291901E+0019
 4.07613853359816E+0019
 4.07549334017498E+0019
 4.07485650304017E+0019
 4.07422714258443E+0019
 4.07360701802637E+0019
 4.07299480995202E+0019
 4.07238875914279E+0019
 4.07179062481728E+0019
 4.07119996717084E+0019
 4.07061590659417E+0019
 4.07003932269656E+0019
 4.06947065528268E+0019
 4.06890814513391E+0019
 4.06835223205490E+0019
 4.06780379565497E+0019
 4.06726195632480E+0019
 4.06672583445510E+0019
 4.06619718926446E+0019
 4.06567382172964E+0019
 4.06515749106924E+0019
 4.06464643806465E+0019
 4.06414242193447E+0019
 4.06364324365546E+0019
 4.06315066244622E+0019
 4.06266335889279E+0019
 4.06218089319052E+0019
 4.06170502455802E+0019
 4.06123399377668E+0019
 4.06076824065115E+0019
 4.06030732537679E+0019
 4.05985212756289E+0019
 4.05940220740481E+0019
 4.05895712509788E+0019
 4.05851776025142E+0019
 4.05808367306078E+0019
 4.05765354411199E+0019
 4.05722869281902E+0019
 4.05680779976791E+0019
 4.05639174456795E+0019
 4.05597964760986E+0019
 4.05557282830759E+0019
 4.05516996724717E+0019
 4.05477194403791E+0019
 4.05437787907052E+0019
 4.05398777234499E+0019
 4.05360206366596E+0019
 4.05322031322880E+0019
 4.05284208122884E+0019
 4.05246824727540E+0019
 4.05209837156382E+0019
 4.05173289389874E+0019
 4.05137137447553E+0019
 4.05101249388022E+0019
 4.05065801133143E+0019
 4.05030704721984E+0019
 4.04996004135012E+0019
 4.04961655391760E+0019
 4.04927614511764E+0019
 4.04893925475489E+0019
 4.04860588282935E+0019
 4.04827558953636E+0019
 4.04794925448524E+0019
 4.04762511845737E+0019
 4.04730582028067E+0019
 4.04698828132256E+0019
 4.04667514041097E+0019
 4.04636419852264E+0019
 4.04605633526686E+0019
 4.04575111083899E+0019
 4.04544896504368E+0019
 4.04515033768557E+0019
 4.04485390935072E+0019
 4.04456055964843E+0019
 4.04426940896940E+0019
 4.04398177672757E+0019
 4.04369678331365E+0019
 4.04341530833694E+0019
 4.04313559257884E+0019
 4.04285939525794E+0019
 4.04258451735099E+0019
 4.04231271807661E+0019
 4.04204311782548E+0019
 4.04177659620690E+0019
 4.04151315322089E+0019
 4.04125146945348E+0019
 4.04099286431863E+0019
 4.04073557859773E+0019
 4.04048137150938E+0019
 4.04022936344430E+0019
 4.03997955440247E+0019
 4.03973150457924E+0019
 4.03948609358392E+0019
 4.03924288161186E+0019
 4.03900230846770E+0019
 4.03876305473750E+0019
 4.03852687963985E+0019
 4.03829334337011E+0019
 4.03806068670967E+0019
 4.03783066887714E+0019
 4.03760241026322E+0019
 4.03737547106324E+0019
 4.03715073088653E+0019
 4.03692818973306E+0019
 4.03670784760286E+0019
 4.03648926469126E+0019
 4.03627288080291E+0019
 4.03605825613317E+0019
 4.03584583048668E+0019
 4.03563428444950E+0019
 4.03542493743557E+0019
 4.03521778944490E+0019
 4.03501284047748E+0019
 4.03480877111936E+0019
 4.03460690078450E+0019
 4.03440678966825E+0019
 4.03420843777060E+0019
 4.03401140528690E+0019
 4.03381613202181E+0019
 4.03362305777997E+0019
 4.03343086314743E+0019
 4.03324086753815E+0019
 4.03305219134283E+0019
 4.03286483456145E+0019
 4.03267835738938E+0019
 4.03249363943592E+0019
 4.03231068070106E+0019
 4.03212992098945E+0019
 4.03195004088715E+0019
 4.03177148019879E+0019
 4.03159467872905E+0019
 4.03141919667326E+0019
 4.03124547383607E+0019
 4.03107307041283E+0019
 4.03090242620820E+0019
 4.03073310141752E+0019
 4.03056377662685E+0019
 4.03039621105477E+0019
 4.03023084450595E+0019
 4.03006591776179E+0019
 4.02990319004088E+0019
 4.02974046231997E+0019
 4.02957949381766E+0019
 4.02941984472931E+0019
 4.02926151505491E+0019
 4.02910450479446E+0019
 4.02894793433867E+0019
 4.02879224349217E+0019
 4.02863875166894E+0019
 4.02848569965035E+0019
 4.02833528645967E+0019
 4.02818531307364E+0019
 4.02803665910156E+0019
 4.02788932454344E+0019
 4.02774330939927E+0019
 4.02759773405976E+0019
 4.02745303832954E+0019
 4.02730966201328E+0019
 4.02716716530632E+0019
 4.02702598801331E+0019
 4.02688525052496E+0019
 4.02674627225521E+0019
 4.02660773379011E+0019
 4.02647051473896E+0019
 4.02633461510177E+0019
 4.02620003487853E+0019
 4.02606633426459E+0019
 4.02593351325995E+0019
 4.02580113205997E+0019
 4.02566963046929E+0019
 4.02554032790186E+0019
 4.02541146513909E+0019
 4.02528304218096E+0019
 4.02515505902749E+0019
 4.02502795548332E+0019
 4.02490305096240E+0019
 4.02477814644149E+0019
 4.02465544094383E+0019
 4.02453273544617E+0019
 4.02441090955781E+0019
 4.02428908366945E+0019
 4.02416901699970E+0019
 4.02405026974390E+0019
 4.02393240209740E+0019
 4.02381497425556E+0019
 4.02369842602301E+0019
 4.02358231759512E+0019
 4.02346796838583E+0019
 4.02335361917654E+0019
 4.02323970977190E+0019
 4.02312667997657E+0019
 4.02301408998588E+0019
 4.02290237960450E+0019
 4.02279154883242E+0019
 4.02268203747430E+0019
 4.02257296592082E+0019
 4.02246477397665E+0019
 4.02235702183713E+0019
 4.02224970950225E+0019
 4.02214371658134E+0019
 4.02203860326972E+0019
 4.02193305015345E+0019
 4.02182837664649E+0019
 4.02172502255348E+0019
 4.02162210826512E+0019
 4.02152051339071E+0019
 4.02141979812561E+0019
 4.02131864305585E+0019
 4.02121880740005E+0019
 4.02111941154890E+0019
 4.02102089530705E+0019
 4.02092237906520E+0019
 4.02082474243266E+0019
 4.02072798540941E+0019
 4.02063122838617E+0019
 4.02053579077688E+0019
 4.02044035316759E+0019
 4.02034623497225E+0019
 4.02025255658156E+0019
 4.02015887819087E+0019
 4.02006695901879E+0019
 4.01997503984671E+0019
 4.01988356047928E+0019
 4.01979208111185E+0019
 4.01970148135372E+0019
 4.01961220100955E+0019
 4.01952380027467E+0019
 4.01943539953980E+0019
 4.01934743860958E+0019
 4.01926035728866E+0019
 4.01917415557704E+0019
 4.01908751406077E+0019
 4.01900219195846E+0019
 4.01891774946544E+0019
 4.01883330697243E+0019
 4.01874886447942E+0019
 4.01866530159570E+0019
 4.01858173871199E+0019
 4.01849993504689E+0019
 4.01841857118643E+0019
 4.01833764713063E+0019
 4.01825716287947E+0019
 4.01817711843297E+0019
 4.01809795359577E+0019
 4.01801878875857E+0019
 4.01794006372602E+0019
 4.01786177849813E+0019
 4.01778393307488E+0019
 4.01770564784698E+0019
 4.01762912183769E+0019
 4.01755303563305E+0019
 4.01747650962375E+0019
 4.01740130302841E+0019
 4.01732609643307E+0019
 4.01725132964238E+0019
 4.01717700265635E+0019
 4.01710355527961E+0019
 4.01703010790288E+0019
 4.01695754013544E+0019
 4.01688497236801E+0019
 4.01681284440523E+0019
 4.01674115624710E+0019
 4.01667078750292E+0019
 4.01659953914944E+0019
 4.01652917040526E+0019
 4.01645924146574E+0019
 4.01638931252621E+0019
 4.01632026319598E+0019
 4.01625121386576E+0019
 4.01618348394949E+0019
 4.01611487442392E+0019
 4.01604758431230E+0019
 4.01598073400533E+0019
 4.01591388369836E+0019
 4.01584703339139E+0019
 4.01578106269372E+0019
 4.01571509199606E+0019
 4.01565044071234E+0019
 4.01558447001468E+0019
 4.01551981873096E+0019
 4.01545648686120E+0019
 4.01539227538214E+0019
 4.01532938331703E+0019
 4.01526649125192E+0019
 4.01520403899147E+0019
 4.01514158673101E+0019
 4.01508001407985E+0019
 4.01501844142870E+0019
 4.01495774838684E+0019
 4.01489661554034E+0019
 4.01483592249849E+0019
 4.01477566926128E+0019
 4.01471541602408E+0019
 4.01465516278688E+0019
 4.01459578915898E+0019
 4.01453641553108E+0019
 4.01447792151248E+0019
 4.01441986729854E+0019
 4.01436225288924E+0019
 4.01430463847994E+0019
 4.01424746387530E+0019
 4.01419028927066E+0019
 4.01413355447066E+0019
 4.01407681967067E+0019
 4.01402096447998E+0019
 4.01396554909394E+0019
 4.01391057351255E+0019
 4.01385515812651E+0019
 4.01380062234977E+0019
 4.01374564676838E+0019
 4.01369111099165E+0019
 4.01363701501956E+0019
 4.01358335885212E+0019
 4.01353014248934E+0019
 4.01347736593121E+0019
 4.01342458937307E+0019
 4.01337269242424E+0019
 4.01332035567076E+0019
 4.01326889852658E+0019
 4.01321744138240E+0019
 4.01316554443357E+0019
 4.01311408728939E+0019
 4.01306350975451E+0019
 4.01301293221963E+0019
 4.01296323429406E+0019
 4.01291265675918E+0019
 4.01286295883360E+0019
 4.01281326090803E+0019
 4.01276400278711E+0019
 4.01271518447083E+0019
 4.01266680595921E+0019
 4.01261798764294E+0019
 4.01256960913131E+0019
 4.01252211022899E+0019
 4.01247373171737E+0019
 4.01242667261970E+0019
 4.01237917371738E+0019
 4.01233211461971E+0019
 4.01228593513135E+0019
 4.01223931583833E+0019
 4.01219269654531E+0019
 4.01214695686160E+0019
 4.01210121717788E+0019
 4.01205591729882E+0019
 4.01201061741975E+0019
 4.01196531754069E+0019
 4.01192045746628E+0019
 4.01187603719651E+0019
 4.01183205673140E+0019
 4.01178807626629E+0019
 4.01174409580118E+0019
 4.01169967553142E+0019
 4.01165657467561E+0019
 4.01161259421050E+0019
 4.01156905355004E+0019
 4.01152683230353E+0019
 4.01148373144772E+0019
 4.01144195000587E+0019
 4.01139928895471E+0019
 4.01135750751285E+0019
 4.01131572607100E+0019
 4.01127394462914E+0019
 4.01123216318729E+0019
 4.01119082155008E+0019
 4.01114947991288E+0019
 4.01110813827567E+0019
 4.01106811605242E+0019
 4.01102853363382E+0019
 4.01098851141057E+0019
 4.01094848918732E+0019
 4.01090846696407E+0019
 4.01086932435012E+0019
 4.01083018173617E+0019
 4.01079059931757E+0019
 4.01075145670362E+0019
 4.01071275389433E+0019
 4.01067449088968E+0019
 4.01063622788503E+0019
 4.01059796488039E+0019
 4.01056102128969E+0019
 4.01052275828505E+0019
 4.01048537488970E+0019
 4.01044799149436E+0019
 4.01041016829436E+0019
 4.01037322470367E+0019
 4.01033628111298E+0019
 4.01029977732693E+0019
 4.01026239393159E+0019
 4.01022501053625E+0019
 4.01018894655485E+0019
 4.01015200296416E+0019
 4.01011549917812E+0019
 4.01007987500138E+0019
 4.01004425082464E+0019
 4.01000862664790E+0019
 4.00997344227581E+0019
 4.00993869770837E+0019
 4.00990395314093E+0019
 4.00986920857350E+0019
 4.00983534361536E+0019
 4.00980103885257E+0019
 4.00976717389444E+0019
 4.00973286913165E+0019
 4.00969856436887E+0019
 4.00966469941073E+0019
 4.00963171406190E+0019
 4.00959784910376E+0019
 4.00956530355958E+0019
 4.00953187840609E+0019
 4.00949845325261E+0019
 4.00946546790378E+0019
 4.00943292235960E+0019
 4.00940037681541E+0019
 4.00936827107588E+0019
 4.00933528572705E+0019
 4.00930317998752E+0019
 4.00927107424799E+0019
 4.00923984811776E+0019
 4.00920818218288E+0019
 4.00917651624800E+0019
 4.00914441050847E+0019
 4.00911318437824E+0019
 4.00908195824801E+0019
 4.00905073211778E+0019
 4.00902038559685E+0019
 4.00898915946662E+0019
 4.00895837314105E+0019
 4.00892846642477E+0019
 4.00889811990384E+0019
 4.00886821318757E+0019
 4.00883742686199E+0019
 4.00880708034106E+0019
 4.00877673382014E+0019
 4.00874770671316E+0019
 4.00871823980154E+0019
 4.00868789328061E+0019
 4.00865930597829E+0019
 4.00863027887132E+0019
 4.00860169156900E+0019
 4.00857222465737E+0019
 4.00854363735505E+0019
 4.00851505005273E+0019
 4.00848646275041E+0019
 4.00845743564343E+0019
 4.00842928814576E+0019
 4.00840158045274E+0019
 4.00837343295507E+0019
 4.00834484565275E+0019
 4.00831669815508E+0019
 4.00828943026671E+0019
 4.00826216237834E+0019
 4.00823401488067E+0019
 4.00820762660160E+0019
 4.00818035871323E+0019
 4.00815353062951E+0019
 4.00812670254580E+0019
 4.00810075407138E+0019
 4.00807436579232E+0019
 4.00804753770860E+0019
 4.00802158923418E+0019
 4.00799520095511E+0019
 4.00796881267605E+0019
 4.00794242439698E+0019
 4.00791647592257E+0019
 4.00789008764350E+0019
 4.00786501877839E+0019
 4.00783951010862E+0019
 4.00781356163421E+0019
 4.00778805296444E+0019
 4.00776254429468E+0019
 4.00773703562491E+0019
 4.00771240656445E+0019
 4.00768689789469E+0019
 4.00766182902957E+0019
 4.00763763977376E+0019
 4.00761257090865E+0019
 4.00758794184819E+0019
 4.00756375259238E+0019
 4.00753956333656E+0019
 4.00751537408075E+0019
 4.00749030521564E+0019
 4.00746611595983E+0019
 4.00744192670402E+0019
 4.00741729764356E+0019
 4.00739442780170E+0019
 4.00737023854589E+0019
 4.00734692889938E+0019
 4.00732229983892E+0019
 4.00729855038776E+0019
 4.00727480093660E+0019
 4.00725193109474E+0019
 4.00722818164358E+0019
 4.00720487199707E+0019
 4.00718156235056E+0019
 4.00715913231335E+0019
 4.00713670227615E+0019
 4.00711295282499E+0019
 4.00709096259243E+0019
 4.00706765294592E+0019
 4.00704522290872E+0019
 4.00702323267616E+0019
 4.00700080263895E+0019
 4.00697925221105E+0019
 4.00695770178314E+0019
 4.00693571155059E+0019
 4.00691328151338E+0019
 4.00689173108548E+0019
 4.00687018065757E+0019
 4.00684907003432E+0019
 4.00682751960642E+0019
 4.00680552937386E+0019
 4.00678441875061E+0019
 4.00676286832270E+0019
 4.00674263730875E+0019
 4.00672152668550E+0019
 4.00670129567155E+0019
 4.00668062485295E+0019
 4.00666039383900E+0019
 4.00663972302039E+0019
 4.00661949200644E+0019
 4.00659926099249E+0019
 4.00657902997854E+0019
 4.00655879896459E+0019
 4.00653812814599E+0019
 4.00651833693669E+0019
 4.00649810592274E+0019
 4.00647875451809E+0019
 4.00645808369948E+0019
 4.00643785268553E+0019
 4.00641806147623E+0019
 4.00639783046228E+0019
 4.00637891886228E+0019
 4.00636000726229E+0019
 4.00634065585764E+0019
 4.00632086464834E+0019
 4.00630151324369E+0019
 4.00628216183904E+0019
 4.00626281043439E+0019
 4.00624389883439E+0019
 4.00622454742974E+0019
 4.00620607563440E+0019
 4.00618716403440E+0019
 4.00616825243440E+0019
 4.00614890102975E+0019
 4.00612998942976E+0019
 4.00611107782976E+0019
 4.00609260603441E+0019
 4.00607369443441E+0019
 4.00605478283442E+0019
 4.00603675084372E+0019
 4.00601871885303E+0019
 4.00600024705768E+0019
 4.00598221506698E+0019
 4.00596418307629E+0019
 4.00594571128094E+0019
 4.00592811909490E+0019
 4.00591052690885E+0019
 4.00589337452746E+0019
 4.00587534253676E+0019
 4.00585819015537E+0019
 4.00584015816467E+0019
 4.00582300578328E+0019
 4.00580497379259E+0019
 4.00578738160654E+0019
 4.00576978942050E+0019
 4.00575351664841E+0019
 4.00573636426701E+0019
 4.00571921188562E+0019
 4.00570205950423E+0019
 4.00568534692748E+0019
 4.00566819454609E+0019
 4.00565148196935E+0019
 4.00563476939261E+0019
 4.00561805681586E+0019
 4.00560046462982E+0019
 4.00558419185773E+0019
 4.00556747928099E+0019
 4.00555076670424E+0019
 4.00553361432285E+0019
 4.00551734155076E+0019
 4.00550150858332E+0019
 4.00548479600658E+0019
 4.00546852323449E+0019
 4.00545181065774E+0019
 4.00543641749495E+0019
 4.00541970491821E+0019
 4.00540431175542E+0019
 4.00538803898333E+0019
 4.00537220601589E+0019
 4.00535725265776E+0019
 4.00534141969031E+0019
 4.00532646633218E+0019
 4.00531063336474E+0019
 4.00529436059265E+0019
 4.00527940723451E+0019
 4.00526401407172E+0019
 4.00524862090893E+0019
 4.00523322774614E+0019
 4.00521783458335E+0019
 4.00520376083452E+0019
 4.00518880747638E+0019
 4.00517429392289E+0019
 4.00516022017406E+0019
 4.00514438720662E+0019
 4.00512943384848E+0019
 4.00511492029499E+0019
 4.00509952713220E+0019
 4.00508501357872E+0019
 4.00506962041593E+0019
 4.00505510686244E+0019
 4.00504059330895E+0019
 4.00502563995082E+0019
 4.00501112639733E+0019
 4.00499705264850E+0019
 4.00498297889966E+0019
 4.00496890515082E+0019
 4.00495483140199E+0019
 4.00494075765315E+0019
 4.00492668390432E+0019
 4.00491304996013E+0019
 4.00489941601595E+0019
 4.00488578207176E+0019
 4.00487126851828E+0019
 4.00485807437874E+0019
 4.00484356082526E+0019
 4.00482904727177E+0019
 4.00481585313224E+0019
 4.00480089977410E+0019
 4.00478770563457E+0019
 4.00477319208108E+0019
 4.00475999794155E+0019
 4.00474724360666E+0019
 4.00473404946713E+0019
 4.00472041552295E+0019
 4.00470678157876E+0019
 4.00469402724388E+0019
 4.00468127290900E+0019
 4.00466851857412E+0019
 4.00465488462993E+0019
 4.00464125068575E+0019
 4.00462805654621E+0019
 4.00461442260203E+0019
 4.00460078865784E+0019
 4.00458715471366E+0019
 4.00457396057413E+0019
 4.00456076643459E+0019
 4.00454801209971E+0019
 4.00453525776483E+0019
 4.00452250342995E+0019
 4.00450974909507E+0019
 4.00449655495553E+0019
 4.00448424042530E+0019
 4.00447280550437E+0019
 4.00446049097414E+0019
 4.00444773663926E+0019
 4.00443630171833E+0019
 4.00442310757880E+0019
 4.00441035324391E+0019
 4.00439847851833E+0019
 4.00438572418345E+0019
 4.00437253004392E+0019
 4.00436065531834E+0019
 4.00434834078811E+0019
 4.00433602625788E+0019
 4.00432371172764E+0019
 4.00431183700207E+0019
 4.00429952247183E+0019
 4.00428764774625E+0019
 4.00427665262998E+0019
 4.00426433809975E+0019
 4.00425246337417E+0019
 4.00424058864858E+0019
 4.00422871392301E+0019
 4.00421683919743E+0019
 4.00420540427650E+0019
 4.00419352955092E+0019
 4.00418121502069E+0019
 4.00417065970906E+0019
 4.00415966459278E+0019
 4.00414822967185E+0019
 4.00413635494627E+0019
 4.00412535982999E+0019
 4.00411304529976E+0019
 4.00410161037884E+0019
 4.00409061526256E+0019
 4.00407962014628E+0019
 4.00406906483465E+0019
 4.00405719010907E+0019
 4.00404663479745E+0019
 4.00403563968117E+0019
 4.00402464456489E+0019
 4.00401408925326E+0019
 4.00400265433233E+0019
 4.00399121941141E+0019
 4.00398022429513E+0019
 4.00396966898350E+0019
 4.00395955347653E+0019
 4.00394855836025E+0019
 4.00393756324397E+0019
 4.00392612832304E+0019
 4.00391513320676E+0019
 4.00390501769979E+0019
 4.00389446238816E+0019
 4.00388346727188E+0019
 4.00387335176491E+0019
 4.00386279645328E+0019
 4.00385312075096E+0019
 4.00384256543933E+0019
 4.00383157032305E+0019
 4.00382057520678E+0019
 4.00381089950445E+0019
 4.00379990438817E+0019
 4.00378978888120E+0019
 4.00377879376492E+0019
 4.00376867825794E+0019
 4.00375944236027E+0019
 4.00375020646260E+0019
 4.00374097056492E+0019
 4.00372997544865E+0019
 4.00371942013702E+0019
 4.00370974443470E+0019
 4.00369962892772E+0019
 4.00368995322540E+0019
 4.00367983771842E+0019
 4.00367060182075E+0019
 4.00366092611842E+0019
 4.00365125041610E+0019
 4.00364113490912E+0019
 4.00363189901145E+0019
 4.00362222330912E+0019
 4.00361254760680E+0019
 4.00360287190448E+0019
 4.00359319620215E+0019
 4.00358352049983E+0019
 4.00357472440680E+0019
 4.00356504870448E+0019
 4.00355581280681E+0019
 4.00354701671378E+0019
 4.00353734101146E+0019
 4.00352678569983E+0019
 4.00351798960681E+0019
 4.00350831390449E+0019
 4.00349951781146E+0019
 4.00348940230449E+0019
 4.00348104601612E+0019
 4.00347137031379E+0019
 4.00346257422077E+0019
 4.00345289851845E+0019
 4.00344322281612E+0019
 4.00343486652775E+0019
 4.00342607043473E+0019
 4.00341683453706E+0019
 4.00340759863938E+0019
 4.00339880254636E+0019
 4.00339000645334E+0019
 4.00338165016497E+0019
 4.00337285407194E+0019
 4.00336361817427E+0019
 4.00335482208125E+0019
 4.00334602598823E+0019
 4.00333679009055E+0019
 4.00332799399753E+0019
 4.00331963770916E+0019
 4.00331172122544E+0019
 4.00330248532777E+0019
 4.00329324943009E+0019
 4.00328489314172E+0019
 4.00327653685335E+0019
 4.00326818056498E+0019
 4.00325894466731E+0019
 4.00325014857428E+0019
 4.00324179228591E+0019
 4.00323343599754E+0019
 4.00322507970917E+0019
 4.00321628361615E+0019
 4.00320836713243E+0019
 4.00319957103941E+0019
 4.00319077494639E+0019
 4.00318329826732E+0019
 4.00317494197895E+0019
 4.00316702549522E+0019
 4.00315910901150E+0019
 4.00315119252778E+0019
 4.00314239643476E+0019
 4.00313447995104E+0019
 4.00312700327197E+0019
 4.00311820717895E+0019
 4.00311029069523E+0019
 4.00310149460221E+0019
 4.00309445772779E+0019
 4.00308698104872E+0019
 4.00307818495570E+0019
 4.00306982866733E+0019
 4.00306147237896E+0019
 4.00305355589524E+0019
 4.00304607921617E+0019
 4.00303816273245E+0019
 4.00302980644408E+0019
 4.00302188996036E+0019
 4.00301441328129E+0019
 4.00300649679757E+0019
 4.00299858031385E+0019
 4.00299110363478E+0019
 4.00298362695571E+0019
 4.00297659008129E+0019
 4.00296823379292E+0019
 4.00296119691851E+0019
 4.00295328043479E+0019
 4.00294492414641E+0019
 4.00293788727200E+0019
 4.00293041059293E+0019
 4.00292293391386E+0019
 4.00291545723479E+0019
 4.00290754075107E+0019
 4.00290094368130E+0019
 4.00289434661154E+0019
 4.00288686993247E+0019
 4.00288027286270E+0019
 4.00287279618363E+0019
 4.00286531950456E+0019
 4.00285784282549E+0019
 4.00284992634177E+0019
 4.00284288946736E+0019
 4.00283497298364E+0019
 4.00282749630457E+0019
 4.00282001962550E+0019
 4.00281254294643E+0019
 4.00280550607201E+0019
 4.00279802939294E+0019
 4.00279099251853E+0019
 4.00278351583946E+0019
 4.00277691876969E+0019
 4.00276944209062E+0019
 4.00276284502086E+0019
 4.00275624795109E+0019
 4.00274921107667E+0019
 4.00274217420225E+0019
 4.00273513732783E+0019
 4.00272810045342E+0019
 4.00272150338365E+0019
 4.00271402670458E+0019
 4.00270742963481E+0019
 4.00270127236970E+0019
 4.00269467529993E+0019
 4.00268807823017E+0019
 4.00268060155110E+0019
 4.00267312487203E+0019
 4.00266652780226E+0019
 4.00265949092784E+0019
 4.00265333366273E+0019
 4.00264585698366E+0019
 4.00263838030459E+0019
 4.00263178323482E+0019
 4.00262518616506E+0019
 4.00261858909529E+0019
 4.00261199202552E+0019
 4.00260539495576E+0019
 4.00259835808134E+0019
 4.00259176101157E+0019
 4.00258560374646E+0019
 4.00257944648134E+0019
 4.00257284941157E+0019
 4.00256537273251E+0019
 4.00255877566274E+0019
 4.00255261839762E+0019
 4.00254690093716E+0019
 4.00254074367204E+0019
 4.00253414660228E+0019
 4.00252754953251E+0019
 4.00252095246274E+0019
 4.00251523500228E+0019
 4.00250863793251E+0019
 4.00250292047205E+0019
 4.00249676320693E+0019
 4.00249016613717E+0019
 4.00248356906740E+0019
 4.00247829141159E+0019
 4.00247169434182E+0019
 4.00246509727205E+0019
 4.00245937981159E+0019
 4.00245278274182E+0019
 4.00244662547671E+0019
 4.00244046821159E+0019
 4.00243431094647E+0019
 4.00242815368136E+0019
 4.00242199641624E+0019
 4.00241627895578E+0019
 4.00240924208136E+0019
 4.00240308481625E+0019
 4.00239824696508E+0019
 4.00239252950462E+0019
 4.00238681204415E+0019
 4.00238021497439E+0019
 4.00237449751392E+0019
 4.00236878005346E+0019
 4.00236306259300E+0019
 4.00235734513253E+0019
 4.00235074806276E+0019
 4.00234503060230E+0019
 4.00233931314184E+0019
 4.00233315587672E+0019
 4.00232699861160E+0019
 4.00232216076044E+0019
 4.00231688310463E+0019
 4.00231116564416E+0019
 4.00230544818370E+0019
 4.00229973072324E+0019
 4.00229357345812E+0019
 4.00228741619300E+0019
 4.00228169873254E+0019
 4.00227466185812E+0019
 4.00226894439766E+0019
 4.00226278713254E+0019
 4.00225706967208E+0019
 4.00225135221161E+0019
 4.00224607455580E+0019
 4.00224123670464E+0019
 4.00223595904882E+0019
 4.00223068139301E+0019
 4.00222496393255E+0019
 4.00221968627673E+0019
 4.00221440862092E+0019
 4.00220957076976E+0019
 4.00220473291860E+0019
 4.00219945526278E+0019
 4.00219417760697E+0019
 4.00218889995116E+0019
 4.00218362229534E+0019
 4.00217834463953E+0019
 4.00217262717906E+0019
 4.00216822913255E+0019
 4.00216339128139E+0019
 4.00215767382093E+0019
 4.00215283596976E+0019
 4.00214755831395E+0019
 4.00214184085349E+0019
 4.00213568358837E+0019
 4.00213040593256E+0019
 4.00212600788605E+0019
 4.00212073023023E+0019
 4.00211501276977E+0019
 4.00210929530930E+0019
 4.00210489726279E+0019
 4.00209917980233E+0019
 4.00209390214652E+0019
 4.00208950410001E+0019
 4.00208466624884E+0019
 4.00207982839768E+0019
 4.00207455074187E+0019
 4.00206883328140E+0019
 4.00206443523489E+0019
 4.00205871777443E+0019
 4.00205387992327E+0019
 4.00204948187675E+0019
 4.00204508383024E+0019
 4.00204024597908E+0019
 4.00203540812792E+0019
 4.00203057027676E+0019
 4.00202573242559E+0019
 4.00202045476978E+0019
 4.00201561691862E+0019
 4.00201077906746E+0019
 4.00200682082560E+0019
 4.00200154316978E+0019
 4.00199714512327E+0019
 4.00199186746746E+0019
 4.00198658981164E+0019
 4.00198175196048E+0019
 4.00197691410932E+0019
 4.00197295586746E+0019
 4.00196811801630E+0019
 4.00196328016514E+0019
 4.00195888211862E+0019
 4.00195404426746E+0019
 4.00194876661165E+0019
 4.00194392876049E+0019
 4.00193997051863E+0019
 4.00193513266746E+0019
 4.00193117442560E+0019
 4.00192677637909E+0019
 4.00192237833258E+0019
 4.00191798028607E+0019
 4.00191314243491E+0019
 4.00190874438840E+0019
 4.00190390653724E+0019
 4.00189950849073E+0019
 4.00189511044421E+0019
 4.00188983278840E+0019
 4.00188543474189E+0019
 4.00188103669538E+0019
 4.00187663864887E+0019
 4.00187224060236E+0019
 4.00186740275119E+0019
 4.00186344450933E+0019
 4.00185904646282E+0019
 4.00185464841631E+0019
 4.00185025036980E+0019
 4.00184541251864E+0019
 4.00184101447213E+0019
 4.00183573681631E+0019
 4.00183089896515E+0019
 4.00182650091864E+0019
 4.00182210287213E+0019
 4.00181814463027E+0019
 4.00181462619306E+0019
 4.00181066795120E+0019
 4.00180714951399E+0019
 4.00180319127213E+0019
 4.00179879322562E+0019
 4.00179439517911E+0019
 4.00178999713260E+0019
 4.00178603889074E+0019
 4.00178252045353E+0019
 4.00177856221167E+0019
 4.00177460396981E+0019
 4.00177064572795E+0019
 4.00176668748609E+0019
 4.00176272924423E+0019
 4.00175833119772E+0019
 4.00175349334656E+0019
 4.00174865549539E+0019
 4.00174513705818E+0019
 4.00174073901167E+0019
 4.00173634096516E+0019
 4.00173282252795E+0019
 4.00172886428609E+0019
 4.00172446623958E+0019
 4.00171962838842E+0019
 4.00171523034191E+0019
 4.00171171190470E+0019
 4.00170819346749E+0019
 4.00170423522563E+0019
 4.00170071678842E+0019
 4.00169675854656E+0019
 4.00169280030470E+0019
 4.00168928186749E+0019
 4.00168488382098E+0019
 4.00168004596982E+0019
 4.00167564792331E+0019
 4.00167124987680E+0019
 4.00166685183029E+0019
 4.00166377319773E+0019
 4.00165981495587E+0019
 4.00165717612796E+0019
 4.00165277808145E+0019
 4.00164925964424E+0019
 4.00164486159773E+0019
 4.00164002374657E+0019
 4.00163562570006E+0019
 4.00163166745820E+0019
 4.00162814902099E+0019
 4.00162375097448E+0019
 4.00162023253727E+0019
 4.00161583449076E+0019
 4.00161231605355E+0019
 4.00160791800704E+0019
 4.00160483937448E+0019
 4.00160088113262E+0019
 4.00159692289076E+0019
 4.00159296464890E+0019
 4.00158944621169E+0019
 4.00158592777448E+0019
 4.00158152972797E+0019
 4.00157845109541E+0019
 4.00157537246286E+0019
 4.00157097441635E+0019
 4.00156701617449E+0019
 4.00156393754193E+0019
 4.00155997930007E+0019
 4.00155646086286E+0019
 4.00155206281635E+0019
 4.00154898418379E+0019
 4.00154590555123E+0019
 4.00154194730937E+0019
 4.00153798906751E+0019
 4.00153491043495E+0019
 4.00153139199775E+0019
 4.00152699395123E+0019
 4.00152303570937E+0019
 4.00151951727217E+0019
 4.00151555903031E+0019
 4.00151204059310E+0019
 4.00150896196054E+0019
 4.00150588332798E+0019
 4.00150324450007E+0019
 4.00149928625821E+0019
 4.00149620762566E+0019
 4.00149268918845E+0019
 4.00148917075124E+0019
 4.00148521250938E+0019
 4.00148125426752E+0019
 4.00147773583031E+0019
 4.00147465719775E+0019
 4.00147201836985E+0019
 4.00146893973729E+0019
 4.00146586110473E+0019
 4.00146278247217E+0019
 4.00145926403496E+0019
 4.00145662520706E+0019
 4.00145222716055E+0019
 4.00144870872334E+0019
 4.00144519028613E+0019
 4.00144123204427E+0019
 4.00143815341171E+0019
 4.00143507477915E+0019
 4.00143199614659E+0019
 4.00142935731869E+0019
 4.00142627868613E+0019
 4.00142320005357E+0019
 4.00142012142102E+0019
 4.00141748259311E+0019
 4.00141396415590E+0019
 4.00141088552334E+0019
 4.00140736708613E+0019
 4.00140384864892E+0019
 4.00140120982102E+0019
 4.00139813118846E+0019
 4.00139505255590E+0019
 4.00139197392334E+0019
 4.00138845548613E+0019
 4.00138537685358E+0019
 4.00138273802567E+0019
 4.00137877978381E+0019
 4.00137482154195E+0019
 4.00137130310474E+0019
 4.00136822447218E+0019
 4.00136470603498E+0019
 4.00136118759777E+0019
 4.00135810896521E+0019
 4.00135503033265E+0019
 4.00135195170009E+0019
 4.00134931287219E+0019
 4.00134579443498E+0019
 4.00134315560707E+0019
 4.00134007697451E+0019
 4.00133699834196E+0019
 4.00133347990475E+0019
 4.00133040127219E+0019
 4.00132732263963E+0019
 4.00132424400707E+0019
 4.00132116537451E+0019
 4.00131764693731E+0019
 4.00131544791405E+0019
 4.00131236928149E+0019
 4.00130929064894E+0019
 4.00130577221173E+0019
 4.00130357318847E+0019
 4.00130049455591E+0019
 4.00129741592335E+0019
 4.00129433729080E+0019
 4.00129125865824E+0019
 4.00128774022103E+0019
 4.00128510139312E+0019
 4.00128290236987E+0019
 4.00128026354196E+0019
 4.00127718490940E+0019
 4.00127498588615E+0019
 4.00127190725359E+0019
 4.00126882862103E+0019
 4.00126574998847E+0019
 4.00126267135592E+0019
 4.00126003252801E+0019
 4.00125739370010E+0019
 4.00125431506755E+0019
 4.00125079663034E+0019
 4.00124815780243E+0019
 4.00124551897452E+0019
 4.00124331995127E+0019
 4.00124024131871E+0019
 4.00123716268615E+0019
 4.00123452385825E+0019
 4.00123188503034E+0019
 4.00122924620243E+0019
 4.00122616756988E+0019
 4.00122308893732E+0019
 4.00122045010941E+0019
 4.00121781128150E+0019
 4.00121561225825E+0019
 4.00121253362569E+0019
 4.00120989479778E+0019
 4.00120769577453E+0019
 4.00120505694662E+0019
 4.00120241811871E+0019
 4.00120021909546E+0019
 4.00119758026755E+0019
 4.00119582104895E+0019
 4.00119274241639E+0019
 4.00119098319779E+0019
 4.00118746476058E+0019
 4.00118526573732E+0019
 4.00118306671407E+0019
 4.00117998808151E+0019
 4.00117690944895E+0019
 4.00117427062104E+0019
 4.00117207159779E+0019
 4.00116899296523E+0019
 4.00116723374663E+0019
 4.00116415511407E+0019
 4.00116195609081E+0019
 4.00115975706756E+0019
 4.00115667843500E+0019
 4.00115403960709E+0019
 4.00115052116988E+0019
 4.00114832214663E+0019
 4.00114480370942E+0019
 4.00114216488151E+0019
 4.00113952605361E+0019
 4.00113600761640E+0019
 4.00113292898384E+0019
 4.00113072996058E+0019
 4.00112809113268E+0019
 4.00112545230477E+0019
 4.00112281347686E+0019
 4.00112017464896E+0019
 4.00111753582105E+0019
 4.00111577660245E+0019
 4.00111269796989E+0019
 4.00111005914198E+0019
 4.00110742031408E+0019
 4.00110478148617E+0019
 4.00110258246291E+0019
 4.00110038343966E+0019
 4.00109730480710E+0019
 4.00109466597919E+0019
 4.00109334656524E+0019
 4.00109158734663E+0019
 4.00108938832338E+0019
 4.00108674949547E+0019
 4.00108455047222E+0019
 4.00108235144896E+0019
 4.00108103203501E+0019
 4.00107839320710E+0019
 4.00107575437919E+0019
 4.00107355535594E+0019
 4.00107135633268E+0019
 4.00106871750478E+0019
 4.00106563887222E+0019
 4.00106387965362E+0019
 4.00106168063036E+0019
 4.00105948160710E+0019
 4.00105728258385E+0019
 4.00105508356059E+0019
 4.00105244473269E+0019
 4.00105068551408E+0019
 4.00104892629548E+0019
 4.00104716707687E+0019
 4.00104540785827E+0019
 4.00104320883501E+0019
 4.00104013020246E+0019
 4.00103749137455E+0019
 4.00103573215594E+0019
 4.00103353313269E+0019
 4.00103133410943E+0019
 4.00102913508618E+0019
 4.00102693606292E+0019
 4.00102517684432E+0019
 4.00102253801641E+0019
 4.00101901957920E+0019
 4.00101638075130E+0019
 4.00101418172804E+0019
 4.00101198270478E+0019
 4.00101022348618E+0019
 4.00100846426758E+0019
 4.00100670504897E+0019
 4.00100494583037E+0019
 4.00100274680711E+0019
 4.00100054778386E+0019
 4.00099878856525E+0019
 4.00099702934665E+0019
 4.00099439051874E+0019
 4.00099087208153E+0019
 4.00098823325362E+0019
 4.00098559442572E+0019
 4.00098295559781E+0019
 4.00097987696525E+0019
 4.00097767794200E+0019
 4.00097591872339E+0019
 4.00097415950479E+0019
 4.00097196048153E+0019
 4.00096976145828E+0019
 4.00096800223967E+0019
 4.00096624302107E+0019
 4.00096492360711E+0019
 4.00096272458386E+0019
 4.00096096536526E+0019
 4.00095920614665E+0019
 4.00095700712340E+0019
 4.00095524790479E+0019
 4.00095304888154E+0019
 4.00095084985828E+0019
 4.00094865083502E+0019
 4.00094645181177E+0019
 4.00094381298386E+0019
 4.00094117415596E+0019
 4.00093897513270E+0019
 4.00093721591409E+0019
 4.00093545669549E+0019
 4.00093369747689E+0019
 4.00093149845363E+0019
 4.00092973923503E+0019
 4.00092754021177E+0019
 4.00092534118852E+0019
 4.00092270236061E+0019
 4.00092094314200E+0019
 4.00091918392340E+0019
 4.00091698490014E+0019
 4.00091478587689E+0019
 4.00091214704898E+0019
 4.00090994802573E+0019
 4.00090730919782E+0019
 4.00090511017456E+0019
 4.00090291115131E+0019
 4.00090071212805E+0019
 4.00089851310480E+0019
 4.00089763349550E+0019
 4.00089631408154E+0019
 4.00089499466759E+0019
 4.00089367525364E+0019
 4.00089235583968E+0019
 4.00089059662108E+0019
 4.00088839759782E+0019
 4.00088619857457E+0019
 4.00088355974666E+0019
 4.00088180052806E+0019
 4.00087960150480E+0019
 4.00087784228620E+0019
 4.00087564326294E+0019
 4.00087344423968E+0019
 4.00087124521643E+0019
 4.00086904619317E+0019
 4.00086728697457E+0019
 4.00086552775596E+0019
 4.00086376853736E+0019
 4.00086244912341E+0019
 4.00086156951410E+0019
 4.00086025010015E+0019
 4.00085937049085E+0019
 4.00085805107690E+0019
 4.00085673166294E+0019
 4.00085541224899E+0019
 4.00085409283503E+0019
 4.00085233361643E+0019
 4.00085013459318E+0019
 4.00084749576527E+0019
 4.00084573654666E+0019
 4.00084353752341E+0019
 4.00084089869550E+0019
 4.00083957928155E+0019
 4.00083738025829E+0019
 4.00083518123504E+0019
 4.00083386182108E+0019
 4.00083166279783E+0019
 4.00082946377457E+0019
 4.00082682494667E+0019
 4.00082462592341E+0019
 4.00082242690016E+0019
 4.00082022787690E+0019
 4.00081890846295E+0019
 4.00081758904899E+0019
 4.00081670943969E+0019
 4.00081539002574E+0019
 4.00081363080713E+0019
 4.00081231139318E+0019
 4.00081055217458E+0019
 4.00080879295597E+0019
 4.00080747354202E+0019
 4.00080571432341E+0019
 4.00080483471411E+0019
 4.00080263569086E+0019
 4.00080043666760E+0019
 4.00079911725365E+0019
 4.00079647842574E+0019
 4.00079427940248E+0019
 4.00079252018388E+0019
 4.00079032116062E+0019
 4.00078856194202E+0019
 4.00078636291876E+0019
 4.00078460370016E+0019
 4.00078328428621E+0019
 4.00078152506760E+0019
 4.00078020565365E+0019
 4.00077844643505E+0019
 4.00077668721644E+0019
 4.00077580760714E+0019
 4.00077448819318E+0019
 4.00077360858388E+0019
 4.00077140956063E+0019
 4.00077052995132E+0019
 4.00076877073272E+0019
 4.00076745131877E+0019
 4.00076569210016E+0019
 4.00076349307691E+0019
 4.00076173385830E+0019
 4.00076085424900E+0019
 4.00075865522575E+0019
 4.00075733581179E+0019
 4.00075557659319E+0019
 4.00075337756993E+0019
 4.00075161835133E+0019
 4.00074941932807E+0019
 4.00074766010947E+0019
 4.00074634069551E+0019
 4.00074590089086E+0019
 4.00074502128156E+0019
 4.00074370186761E+0019
 4.00074194264900E+0019
 4.00074106303970E+0019
 4.00073974362575E+0019
 4.00073798440714E+0019
 4.00073578538389E+0019
 4.00073446596993E+0019
 4.00073402616528E+0019
 4.00073270675133E+0019
 4.00073182714203E+0019
 4.00073006792342E+0019
 4.00072918831412E+0019
 4.00072742909552E+0019
 4.00072610968156E+0019
 4.00072391065831E+0019
 4.00072259124435E+0019
 4.00072127183040E+0019
 4.00071951261180E+0019
 4.00071775339319E+0019
 4.00071599417459E+0019
 4.00071467476063E+0019
 4.00071203593273E+0019
 4.00071071651877E+0019
 4.00070895730017E+0019
 4.00070807769087E+0019
 4.00070675827691E+0019
 4.00070543886296E+0019
 4.00070411944901E+0019
 4.00070192042575E+0019
 4.00070104081645E+0019
 4.00070016120715E+0019
 4.00069840198854E+0019
 4.00069708257459E+0019
 4.00069576316064E+0019
 4.00069400394203E+0019
 4.00069312433273E+0019
 4.00069136511412E+0019
 4.00069048550482E+0019
 4.00068960589552E+0019
 4.00068784667692E+0019
 4.00068652726296E+0019
 4.00068432823971E+0019
 4.00068300882575E+0019
 4.00068168941180E+0019
 4.00067949038854E+0019
 4.00067773116994E+0019
 4.00067685156064E+0019
 4.00067465253738E+0019
 4.00067289331878E+0019
 4.00067157390482E+0019
 4.00066981468622E+0019
 4.00066893507692E+0019
 4.00066849527227E+0019
 4.00066673605366E+0019
 4.00066541663971E+0019
 4.00066453703041E+0019
 4.00066321761645E+0019
 4.00066145839785E+0019
 4.00065969917924E+0019
 4.00065837976529E+0019
 4.00065750015599E+0019
 4.00065618074204E+0019
 4.00065442152343E+0019
 4.00065310210948E+0019
 4.00065222250018E+0019
 4.00065090308622E+0019
 4.00064870406297E+0019
 4.00064738464901E+0019
 4.00064650503971E+0019
 4.00064474582111E+0019
 4.00064298660250E+0019
 4.00064166718855E+0019
 4.00063946816529E+0019
 4.00063770894669E+0019
 4.00063594972808E+0019
 4.00063419050948E+0019
 4.00063199148622E+0019
 4.00063111187692E+0019
 4.00063023226762E+0019
 4.00062935265832E+0019
 4.00062759343971E+0019
 4.00062627402576E+0019
 4.00062539441646E+0019
 4.00062495461181E+0019
 4.00062319539320E+0019
 4.00062187597925E+0019
 4.00062099636995E+0019
 4.00062011676065E+0019
 4.00061791773739E+0019
 4.00061659832344E+0019
 4.00061527890948E+0019
 4.00061439930018E+0019
 4.00061307988623E+0019
 4.00061088086297E+0019
 4.00060956144902E+0019
 4.00060824203506E+0019
 4.00060736242576E+0019
 4.00060472359786E+0019
 4.00060384398855E+0019
 4.00060296437925E+0019
 4.00060164496530E+0019
 4.00060032555134E+0019
 4.00059856633274E+0019
 4.00059680711414E+0019
 4.00059504789553E+0019
 4.00059372848158E+0019
 4.00059240906762E+0019
 4.00059152945832E+0019
 4.00059021004437E+0019
 4.00058977023972E+0019
 4.00058845082576E+0019
 4.00058801102111E+0019
 4.00058713141181E+0019
 4.00058581199786E+0019
 4.00058493238856E+0019
 4.00058317316995E+0019
 4.00058185375600E+0019
 4.00058053434204E+0019
 4.00058009453739E+0019
 4.00057921492809E+0019
 4.00057745570949E+0019
 4.00057701590484E+0019
 4.00057525668623E+0019
 4.00057393727228E+0019
 4.00057305766298E+0019
 4.00057173824902E+0019
 4.00057041883507E+0019
 4.00056909942112E+0019
 4.00056734020251E+0019
 4.00056602078856E+0019
 4.00056470137461E+0019
 4.00056382176530E+0019
 4.00056294215600E+0019
 4.00056206254670E+0019
 4.00056118293740E+0019
 4.00055986352344E+0019
 4.00055898391414E+0019
 4.00055634508623E+0019
 4.00055458586763E+0019
 4.00055370625833E+0019
 4.00055238684437E+0019
 4.00055194703972E+0019
 4.00055150723507E+0019
 4.00055106743042E+0019
 4.00055018782112E+0019
 4.00054930821182E+0019
 4.00054842860251E+0019
 4.00054754899321E+0019
 4.00054666938391E+0019
 4.00054534996996E+0019
 4.00054447036065E+0019
 4.00054271114205E+0019
 4.00054139172810E+0019
 4.00054007231414E+0019
 4.00053875290019E+0019
 4.00053743348624E+0019
 4.00053655387693E+0019
 4.00053567426763E+0019
 4.00053479465833E+0019
 4.00053391504903E+0019
 4.00053303543972E+0019
 4.00053215583042E+0019
 4.00053083641647E+0019
 4.00052995680717E+0019
 4.00052863739321E+0019
 4.00052731797926E+0019
 4.00052599856531E+0019
 4.00052467915135E+0019
 4.00052291993275E+0019
 4.00052116071415E+0019
 4.00051940149554E+0019
 4.00051808208159E+0019
 4.00051676266763E+0019
 4.00051544325368E+0019
 4.00051456364438E+0019
 4.00051368403508E+0019
 4.00051280442577E+0019
 4.00051192481647E+0019
 4.00051060540252E+0019
 4.00051016559787E+0019
 4.00050884618391E+0019
 4.00050796657461E+0019
 4.00050708696531E+0019
 4.00050664716066E+0019
 4.00050532774670E+0019
 4.00050444813740E+0019
 4.00050356852810E+0019
 4.00050268891880E+0019
 4.00050136950485E+0019
 4.00050048989554E+0019
 4.00049917048159E+0019
 4.00049917048159E+0019
 4.00049741126298E+0019
 4.00049741126298E+0019
 4.00049609184903E+0019
 4.00049477243508E+0019
 4.00049389282578E+0019
 4.00049301321647E+0019
 4.00049213360717E+0019
 4.00049081419322E+0019
 4.00048993458392E+0019
 4.00048905497461E+0019
 4.00048773556066E+0019
 4.00048685595136E+0019
 4.00048553653740E+0019
 4.00048465692810E+0019
 4.00048333751415E+0019
 4.00048201810020E+0019
 4.00048069868624E+0019
 4.00047981907694E+0019
 4.00047805985834E+0019
 4.00047718024903E+0019
 4.00047630063973E+0019
 4.00047542103043E+0019
 4.00047454142113E+0019
 4.00047410161648E+0019
 4.00047322200717E+0019
 4.00047234239787E+0019
 4.00047146278857E+0019
 4.00047058317927E+0019
 4.00047014337462E+0019
 4.00046926376531E+0019
 4.00046882396066E+0019
 4.00046838415601E+0019
 4.00046706474206E+0019
 4.00046618513276E+0019
 4.00046618513276E+0019
 4.00046574532810E+0019
 4.00046530552345E+0019
 4.00046486571880E+0019
 4.00046398610950E+0019
 4.00046310650020E+0019
 4.00046222689090E+0019
 4.00046134728159E+0019
 4.00046090747694E+0019
 4.00046002786764E+0019
 4.00045914825834E+0019
 4.00045782884439E+0019
 4.00045738903973E+0019
 4.00045606962578E+0019
 4.00045475021183E+0019
 4.00045343079787E+0019
 4.00045255118857E+0019
 4.00045211138392E+0019
 4.00045123177462E+0019
 4.00045035216532E+0019
 4.00044947255601E+0019
 4.00044815314206E+0019
 4.00044727353276E+0019
 4.00044595411881E+0019
 4.00044463470485E+0019
 4.00044331529090E+0019
 4.00044199587694E+0019
 4.00044111626764E+0019
 4.00044023665834E+0019
 4.00043891724439E+0019
 4.00043847743974E+0019
 4.00043803763509E+0019
 4.00043715802578E+0019
 4.00043671822113E+0019
 4.00043627841648E+0019
 4.00043539880718E+0019
 4.00043451919788E+0019
 4.00043363958857E+0019
 4.00043275997927E+0019
 4.00043188036997E+0019
 4.00043144056532E+0019
 4.00043056095602E+0019
 4.00042968134671E+0019
 4.00042924154206E+0019
 4.00042924154206E+0019
 4.00042880173741E+0019
 4.00042836193276E+0019
 4.00042792212811E+0019
 4.00042748232346E+0019
 4.00042616290951E+0019
 4.00042660271416E+0019
 4.00042616290951E+0019
 4.00042572310485E+0019
 4.00042528330020E+0019
 4.00042440369090E+0019
 4.00042352408160E+0019
 4.00042308427695E+0019
 4.00042220466764E+0019
 4.00042132505834E+0019
 4.00042000564439E+0019
 4.00041868623044E+0019
 4.00041824642579E+0019
 4.00041780662113E+0019
 4.00041648720718E+0019
 4.00041516779323E+0019
 4.00041340857462E+0019
 4.00041340857462E+0019
 4.00041252896532E+0019
 4.00041164935602E+0019
 4.00040989013741E+0019
 4.00040901052811E+0019
 4.00040725130951E+0019
 4.00040725130951E+0019
 4.00040593189555E+0019
 4.00040461248160E+0019
 4.00040329306765E+0019
 4.00040197365369E+0019
 4.00040109404439E+0019
 4.00040021443509E+0019
 4.00039977463044E+0019
 4.00039933482579E+0019
 4.00039933482579E+0019
 4.00039889502114E+0019
 4.00039845521649E+0019
 4.00039801541183E+0019
 4.00039801541183E+0019
 4.00039713580253E+0019
 4.00039669599788E+0019
 4.00039581638858E+0019
 4.00039581638858E+0019
 4.00039537658393E+0019
 4.00039493677928E+0019
 4.00039405716997E+0019
 4.00039361736532E+0019
 4.00039317756067E+0019
 4.00039229795137E+0019
 4.00039141834207E+0019
 4.00039053873277E+0019
 4.00039053873277E+0019
 4.00038965912346E+0019
 4.00038921931881E+0019
 4.00038921931881E+0019
 4.00038877951416E+0019
 4.00038833970951E+0019
 4.00038833970951E+0019
 4.00038789990486E+0019
 4.00038658049090E+0019
 4.00038570088160E+0019
 4.00038482127230E+0019
 4.00038438146765E+0019
 4.00038350185835E+0019
 4.00038174263974E+0019
 4.00038086303044E+0019
 4.00037998342114E+0019
 4.00037910381184E+0019
 4.00037778439788E+0019
 4.00037734459323E+0019
 4.00037646498393E+0019
 4.00037514556998E+0019
 4.00037382615602E+0019
 4.00037250674207E+0019
 4.00037162713277E+0019
 4.00037074752347E+0019
 4.00036942810951E+0019
 4.00036854850021E+0019
 4.00036810869556E+0019
 4.00036634947695E+0019
 4.00036503006300E+0019
 4.00036415045370E+0019
 4.00036327084440E+0019
 4.00036195143044E+0019
 4.00036107182114E+0019
 4.00036063201649E+0019
 4.00036019221184E+0019
 4.00035975240719E+0019
 4.00035975240719E+0019
 4.00035931260254E+0019
 4.00035887279788E+0019
 4.00035931260254E+0019
 4.00035887279788E+0019
 4.00035843299323E+0019
 4.00035843299323E+0019
 4.00035799318858E+0019
 4.00035755338393E+0019
 4.00035755338393E+0019
 4.00035711357928E+0019
 4.00035623396998E+0019
 4.00035623396998E+0019
 4.00035579416533E+0019
 4.00035491455603E+0019
 4.00035491455603E+0019
 4.00035403494672E+0019
 4.00035315533742E+0019
 4.00035359514207E+0019
 4.00035271553277E+0019
 4.00035183592347E+0019
 4.00035139611882E+0019
 4.00035051650951E+0019
 4.00035051650951E+0019
 4.00035007670486E+0019
 4.00034963690021E+0019
 4.00034963690021E+0019
 4.00034919709556E+0019
 4.00034875729091E+0019
 4.00034831748626E+0019
 4.00034831748626E+0019
 4.00034787768161E+0019
 4.00034743787696E+0019
 4.00034655826765E+0019
 4.00034567865835E+0019
 4.00034479904905E+0019
 4.00034435924440E+0019
 4.00034391943975E+0019
 4.00034303983045E+0019
 4.00034260002579E+0019
 4.00034216022114E+0019
 4.00034128061184E+0019
 4.00034084080719E+0019
 4.00033996119789E+0019
 4.00033908158858E+0019
 4.00033864178393E+0019
 4.00033732236998E+0019
 4.00033688256533E+0019
 4.00033600295603E+0019
 4.00033512334673E+0019
 4.00033424373742E+0019
 4.00033292432347E+0019
 4.00033160490952E+0019
 4.00033116510487E+0019
 4.00033028549556E+0019
 4.00032940588626E+0019
 4.00032764666766E+0019
 4.00032720686301E+0019
 4.00032632725370E+0019
 4.00032544764440E+0019
 4.00032412823045E+0019
 4.00032324862114E+0019
 4.00032280881649E+0019
 4.00032192920719E+0019
 4.00032236901184E+0019
 4.00032148940254E+0019
 4.00032060979324E+0019
 4.00032104959789E+0019
 4.00032060979324E+0019
 4.00032060979324E+0019
 4.00032016998859E+0019
 4.00031973018394E+0019
 4.00032016998859E+0019
 4.00031973018394E+0019
 4.00031973018394E+0019
 4.00031929037929E+0019
 4.00031797096533E+0019
 4.00031797096533E+0019
 4.00031753116068E+0019
 4.00031753116068E+0019
 4.00031709135603E+0019
 4.00031621174673E+0019
 4.00031621174673E+0019
 4.00031577194208E+0019
 4.00031577194208E+0019
 4.00031533213743E+0019
 4.00031533213743E+0019
 4.00031489233277E+0019
 4.00031401272347E+0019
 4.00031401272347E+0019
 4.00031313311417E+0019
 4.00031269330952E+0019
 4.00031181370022E+0019
 4.00031093409091E+0019
 4.00031049428626E+0019
 4.00030961467696E+0019
 4.00030873506766E+0019
 4.00030873506766E+0019
 4.00030741565371E+0019
 4.00030741565371E+0019
 4.00030609623975E+0019
 4.00030521663045E+0019
 4.00030477682580E+0019
 4.00030389721650E+0019
 4.00030389721650E+0019
 4.00030345741185E+0019
 4.00030345741185E+0019
 4.00030213799789E+0019
 4.00030169819324E+0019
 4.00030081858394E+0019
 4.00029949916999E+0019
 4.00029905936533E+0019
 4.00029817975603E+0019
 4.00029773995138E+0019
 4.00029686034208E+0019
 4.00029598073278E+0019
 4.00029554092813E+0019
 4.00029466131882E+0019
 4.00029334190487E+0019
 4.00029334190487E+0019
 4.00029334190487E+0019
 4.00029202249092E+0019
 4.00029070307696E+0019
 4.00029026327231E+0019
 4.00028938366301E+0019
 4.00028894385836E+0019
 4.00028806424906E+0019
 4.00028630503045E+0019
 4.00028586522580E+0019
 4.00028498561650E+0019
 4.00028454581185E+0019
 4.00028410600720E+0019
 4.00028454581185E+0019
 4.00028410600720E+0019
 4.00028410600720E+0019
 4.00028410600720E+0019
 4.00028454581185E+0019
 4.00028366620255E+0019
 4.00028366620255E+0019
 4.00028366620255E+0019
 4.00028410600720E+0019
 4.00028410600720E+0019
 4.00028454581185E+0019
 4.00028366620255E+0019
 4.00028410600720E+0019
 4.00028322639789E+0019
 4.00028234678859E+0019
 4.00028234678859E+0019
 4.00028278659324E+0019
 4.00028190698394E+0019
 4.00028234678859E+0019
 4.00028234678859E+0019
 4.00028146717929E+0019
 4.00028190698394E+0019
 4.00028190698394E+0019
 4.00028190698394E+0019
 4.00028146717929E+0019
 4.00028146717929E+0019
 4.00028014776534E+0019
 4.00028014776534E+0019
 4.00027970796069E+0019
 4.00027970796069E+0019
 4.00027926815603E+0019
 4.00027926815603E+0019
 4.00027882835138E+0019
 4.00027882835138E+0019
 4.00027838854673E+0019
 4.00027750893743E+0019
 4.00027750893743E+0019
 4.00027706913278E+0019
 4.00027706913278E+0019
 4.00027706913278E+0019
 4.00027662932813E+0019
 4.00027574971882E+0019
 4.00027530991417E+0019
 4.00027530991417E+0019
 4.00027487010952E+0019
 4.00027355069557E+0019
 4.00027399050022E+0019
 4.00027355069557E+0019
 4.00027311089092E+0019
 4.00027223128162E+0019
 4.00027179147697E+0019
 4.00027135167231E+0019
 4.00027047206301E+0019
 4.00027003225836E+0019
 4.00027003225836E+0019
 4.00026959245371E+0019
 4.00026959245371E+0019
 4.00026915264906E+0019
 4.00026915264906E+0019
 4.00026871284441E+0019
 4.00026871284441E+0019
 4.00026827303976E+0019
 4.00026827303976E+0019
 4.00026739343045E+0019
 4.00026695362580E+0019
 4.00026607401650E+0019
 4.00026607401650E+0019
 4.00026519440720E+0019
 4.00026475460255E+0019
 4.00026387499325E+0019
 4.00026343518859E+0019
 4.00026255557929E+0019
 4.00026211577464E+0019
 4.00026123616534E+0019
 4.00026035655604E+0019
 4.00025947694673E+0019
 4.00025903714208E+0019
 4.00025815753278E+0019
 4.00025727792348E+0019
 4.00025639831418E+0019
 4.00025551870487E+0019
 4.00025463909557E+0019
 4.00025375948627E+0019
 4.00025331968162E+0019
 4.00025287987697E+0019
 4.00025244007232E+0019
 4.00025200026767E+0019
 4.00025112065836E+0019
 4.00025068085371E+0019
 4.00024980124441E+0019
 4.00024804202580E+0019
 4.00024760222115E+0019
 4.00024716241650E+0019
 4.00024628280720E+0019
 4.00024584300255E+0019
 4.00024584300255E+0019
 4.00024584300255E+0019
 4.00024584300255E+0019
 4.00024628280720E+0019
 4.00024540319790E+0019
 4.00024584300255E+0019
 4.00024628280720E+0019
 4.00024584300255E+0019
 4.00024584300255E+0019
 4.00024584300255E+0019
 4.00024628280720E+0019
 4.00024540319790E+0019
 4.00024496339325E+0019
 4.00024540319790E+0019
 4.00024452358860E+0019
 4.00024408378395E+0019
 4.00024320417464E+0019
 4.00024364397929E+0019
 4.00024320417464E+0019
 4.00024364397929E+0019
 4.00024364397929E+0019
 4.00024364397929E+0019
 4.00024364397929E+0019
 4.00024320417464E+0019
 4.00024364397929E+0019
 4.00024408378395E+0019
 4.00024364397929E+0019
 4.00024408378395E+0019
 4.00024408378395E+0019
 4.00024452358860E+0019
 4.00024408378395E+0019
 4.00024452358860E+0019
 4.00024496339325E+0019
 4.00024452358860E+0019
 4.00024452358860E+0019
 4.00024408378395E+0019
 4.00024452358860E+0019
 4.00024452358860E+0019
 4.00024408378395E+0019
 4.00024408378395E+0019
 4.00024364397929E+0019
 4.00024364397929E+0019
 4.00024320417464E+0019
 4.00024364397929E+0019
 4.00024408378395E+0019
 4.00024320417464E+0019
 4.00024320417464E+0019
 4.00024276436999E+0019
 4.00024276436999E+0019
 4.00024232456534E+0019
 4.00024232456534E+0019
 4.00024188476069E+0019
 4.00024188476069E+0019
 4.00024188476069E+0019
 4.00024144495604E+0019
 4.00024144495604E+0019
 4.00024056534674E+0019
 4.00024056534674E+0019
 4.00023968573743E+0019
 4.00023924593278E+0019
 4.00023836632348E+0019
 4.00023880612813E+0019
 4.00023968573743E+0019
 4.00023880612813E+0019
 4.00023924593278E+0019
 4.00023880612813E+0019
 4.00023924593278E+0019
 4.00023792651883E+0019
 4.00023836632348E+0019
 4.00023880612813E+0019
 4.00023792651883E+0019
 4.00023748671418E+0019
 4.00023660710488E+0019
 4.00023704690953E+0019
 4.00023572749557E+0019
 4.00023528769092E+0019
 4.00023528769092E+0019
 4.00023528769092E+0019
 4.00023484788627E+0019
 4.00023396827697E+0019
 4.00023396827697E+0019
 4.00023352847232E+0019
 4.00023352847232E+0019
 4.00023220905837E+0019
 4.00023220905837E+0019
 4.00023132944906E+0019
 4.00023132944906E+0019
 4.00023132944906E+0019
 4.00023088964441E+0019
 4.00023088964441E+0019
 4.00023001003511E+0019
 4.00023001003511E+0019
 4.00022957023046E+0019
 4.00022913042581E+0019
 4.00022825081650E+0019
 4.00022781101185E+0019
 4.00022737120720E+0019
 4.00022649159790E+0019
 4.00022605179325E+0019
 4.00022517218395E+0019
 4.00022473237930E+0019
 4.00022341296534E+0019
 4.00022253335604E+0019
 4.00022165374674E+0019
 4.00022165374674E+0019
 4.00022077413744E+0019
 4.00021945472348E+0019
 4.00021945472348E+0019
 4.00021813530953E+0019
 4.00021725570023E+0019
 4.00021593628627E+0019
 4.00021593628627E+0019
 4.00021593628627E+0019
 4.00021505667697E+0019
 4.00021461687232E+0019
 4.00021373726302E+0019
 4.00021329745837E+0019
 4.00021153823976E+0019
 4.00021109843511E+0019
 4.00021065863046E+0019
 4.00020977902116E+0019
 4.00020933921651E+0019
 4.00020845960721E+0019
 4.00020801980255E+0019
 4.00020757999790E+0019
 4.00020714019325E+0019
 4.00020714019325E+0019
 4.00020714019325E+0019
 4.00020714019325E+0019
 4.00020757999790E+0019
 4.00020670038860E+0019
 4.00020670038860E+0019
 4.00020714019325E+0019
 4.00020714019325E+0019
 4.00020757999790E+0019
 4.00020714019325E+0019
 4.00020714019325E+0019
 4.00020757999790E+0019
 4.00020757999790E+0019
 4.00020714019325E+0019
 4.00020714019325E+0019
 4.00020714019325E+0019
 4.00020714019325E+0019
 4.00020714019325E+0019
 4.00020670038860E+0019
 4.00020714019325E+0019
 4.00020757999790E+0019
 4.00020714019325E+0019
 4.00020714019325E+0019
 4.00020670038860E+0019
 4.00020714019325E+0019
 4.00020714019325E+0019
 4.00020670038860E+0019
 4.00020670038860E+0019
 4.00020670038860E+0019
 4.00020626058395E+0019
 4.00020626058395E+0019
 4.00020582077930E+0019
 4.00020626058395E+0019
 4.00020626058395E+0019
 4.00020582077930E+0019
 4.00020582077930E+0019
 4.00020582077930E+0019
 4.00020538097465E+0019
 4.00020538097465E+0019
 4.00020494117000E+0019
 4.00020494117000E+0019
 4.00020538097465E+0019
 4.00020494117000E+0019
 4.00020494117000E+0019
 4.00020494117000E+0019
 4.00020450136535E+0019
 4.00020494117000E+0019
 4.00020406156069E+0019
 4.00020406156069E+0019
 4.00020406156069E+0019
 4.00020362175604E+0019
 4.00020362175604E+0019
 4.00020318195139E+0019
 4.00020230234209E+0019
 4.00020230234209E+0019
 4.00020186253744E+0019
 4.00020186253744E+0019
 4.00020186253744E+0019
 4.00020186253744E+0019
 4.00020274214674E+0019
 4.00020274214674E+0019
 4.00020274214674E+0019
 4.00020274214674E+0019
 4.00020362175604E+0019
 4.00020318195139E+0019
 4.00020318195139E+0019
 4.00020406156069E+0019
 4.00020406156069E+0019
 4.00020450136535E+0019
 4.00020450136535E+0019
 4.00020450136535E+0019
 4.00020538097465E+0019
 4.00020450136535E+0019
 4.00020406156069E+0019
 4.00020450136535E+0019
 4.00020450136535E+0019
 4.00020494117000E+0019
 4.00020450136535E+0019
 4.00020406156069E+0019
 4.00020450136535E+0019
 4.00020362175604E+0019
 4.00020318195139E+0019
 4.00020274214674E+0019
 4.00020230234209E+0019
 4.00020274214674E+0019
 4.00020186253744E+0019
 4.00020098292814E+0019
 4.00020142273279E+0019
 4.00020098292814E+0019
 4.00020142273279E+0019
 4.00020142273279E+0019
 4.00020098292814E+0019
 4.00020142273279E+0019
 4.00020186253744E+0019
 4.00020142273279E+0019
 4.00020142273279E+0019
 4.00020142273279E+0019
 4.00020142273279E+0019
 4.00020186253744E+0019
 4.00020186253744E+0019
 4.00020186253744E+0019
 4.00020186253744E+0019
 4.00020142273279E+0019
 4.00020142273279E+0019
 4.00020142273279E+0019
 4.00020142273279E+0019
 4.00020186253744E+0019
 4.00020186253744E+0019
 4.00020142273279E+0019
 4.00020186253744E+0019
 4.00020230234209E+0019
 4.00020186253744E+0019
 4.00020186253744E+0019
 4.00020186253744E+0019
 4.00020186253744E+0019
 4.00020230234209E+0019
 4.00020186253744E+0019
 4.00020186253744E+0019
 4.00020186253744E+0019
 4.00020186253744E+0019
 4.00020186253744E+0019
 4.00020186253744E+0019
 4.00020142273279E+0019
 4.00020186253744E+0019
 4.00020186253744E+0019
 4.00020142273279E+0019
 4.00020142273279E+0019
 4.00020098292814E+0019
 4.00020098292814E+0019
 4.00020098292814E+0019
 4.00020054312349E+0019
 4.00020054312349E+0019
 4.00020054312349E+0019
 4.00020010331883E+0019
 4.00020098292814E+0019
 4.00020098292814E+0019
 4.00020054312349E+0019
 4.00020010331883E+0019
 4.00019966351418E+0019
 4.00020054312349E+0019
 4.00020054312349E+0019
 4.00020010331883E+0019
 4.00020010331883E+0019
 4.00020010331883E+0019
 4.00019966351418E+0019
 4.00020010331883E+0019
 4.00019922370953E+0019
 4.00019922370953E+0019
 4.00019966351418E+0019
 4.00019922370953E+0019
 4.00019922370953E+0019
 4.00019878390488E+0019
 4.00019878390488E+0019
 4.00019966351418E+0019
 4.00020010331883E+0019
 4.00020010331883E+0019
 4.00020010331883E+0019
 4.00020054312349E+0019
 4.00020054312349E+0019
 4.00020010331883E+0019
 4.00019922370953E+0019
 4.00019966351418E+0019
 4.00020010331883E+0019
 4.00019922370953E+0019
 4.00019878390488E+0019
 4.00019790429558E+0019
 4.00019746449093E+0019
 4.00019702468628E+0019
 4.00019570527232E+0019
 4.00019614507697E+0019
 4.00019526546767E+0019
 4.00019526546767E+0019
 4.00019526546767E+0019
 4.00019526546767E+0019
 4.00019482566302E+0019
 4.00019482566302E+0019
 4.00019482566302E+0019
 4.00019394605372E+0019
 4.00019394605372E+0019
 4.00019350624907E+0019
 4.00019350624907E+0019
 4.00019350624907E+0019
 4.00019218683511E+0019
 4.00019218683511E+0019
 4.00019218683511E+0019
 4.00019174703046E+0019
 4.00019174703046E+0019
 4.00019130722581E+0019
 4.00019042761651E+0019
 4.00019042761651E+0019
 4.00018954800721E+0019
 4.00018910820256E+0019
 4.00018866839791E+0019
 4.00018778878860E+0019
 4.00018778878860E+0019
 4.00018778878860E+0019
 4.00018646937465E+0019
 4.00018602957000E+0019
 4.00018514996070E+0019
 4.00018471015605E+0019
 4.00018427035139E+0019
 4.00018295093744E+0019
 4.00018251113279E+0019
 4.00018207132814E+0019
 4.00018163152349E+0019
 4.00018163152349E+0019
 4.00018031210953E+0019
 4.00017943250023E+0019
 4.00017943250023E+0019
 4.00017943250023E+0019
 4.00017899269558E+0019
 4.00017899269558E+0019
 4.00017899269558E+0019
 4.00017855289093E+0019
 4.00017855289093E+0019
 4.00017855289093E+0019
 4.00017723347698E+0019
 4.00017723347698E+0019
 4.00017723347698E+0019
 4.00017635386767E+0019
 4.00017591406302E+0019
 4.00017547425837E+0019
 4.00017459464907E+0019
 4.00017415484442E+0019
 4.00017371503977E+0019
 4.00017283543047E+0019
 4.00017239562582E+0019
 4.00017107621186E+0019
 4.00017019660256E+0019
 4.00016975679791E+0019
 4.00016931699326E+0019
 4.00016843738395E+0019
 4.00016799757930E+0019
 4.00016755777465E+0019
 4.00016799757930E+0019
 4.00016843738395E+0019
 4.00016799757930E+0019
 4.00016799757930E+0019
 4.00016843738395E+0019
 4.00016887718861E+0019
 4.00016843738395E+0019
 4.00016799757930E+0019
 4.00016755777465E+0019
 4.00016667816535E+0019
 4.00016711797000E+0019
 4.00016755777465E+0019
 4.00016711797000E+0019
 4.00016755777465E+0019
 4.00016799757930E+0019
 4.00016799757930E+0019
 4.00016799757930E+0019
 4.00016843738395E+0019
 4.00016843738395E+0019
 4.00016799757930E+0019
 4.00016843738395E+0019
 4.00016887718861E+0019
 4.00016931699326E+0019
 4.00016887718861E+0019
 4.00016887718861E+0019
 4.00016887718861E+0019
 4.00016887718861E+0019
 4.00016887718861E+0019
 4.00016887718861E+0019
 4.00016887718861E+0019
 4.00016887718861E+0019
 4.00016887718861E+0019
 4.00016931699326E+0019
 4.00016887718861E+0019
 4.00016887718861E+0019
 4.00016887718861E+0019
 4.00016887718861E+0019
 4.00016887718861E+0019
 4.00016931699326E+0019
 4.00016843738395E+0019
 4.00016887718861E+0019
 4.00016887718861E+0019
 4.00016931699326E+0019
 4.00016887718861E+0019
 4.00016887718861E+0019
 4.00016887718861E+0019
 4.00016887718861E+0019
 4.00016887718861E+0019
 4.00016931699326E+0019
 4.00016799757930E+0019
 4.00016799757930E+0019
 4.00016843738395E+0019
 4.00016799757930E+0019
 4.00016799757930E+0019
 4.00016843738395E+0019
 4.00016843738395E+0019
 4.00016799757930E+0019
 4.00016843738395E+0019
 4.00016843738395E+0019
 4.00016799757930E+0019
 4.00016799757930E+0019
 4.00016799757930E+0019
 4.00016755777465E+0019
 4.00016755777465E+0019
 4.00016755777465E+0019
 4.00016711797000E+0019
 4.00016711797000E+0019
 4.00016711797000E+0019
 4.00016711797000E+0019
 4.00016667816535E+0019
 4.00016667816535E+0019
 4.00016667816535E+0019
 4.00016623836070E+0019
 4.00016623836070E+0019
 4.00016623836070E+0019
 4.00016579855605E+0019
 4.00016535875140E+0019
 4.00016535875140E+0019
 4.00016623836070E+0019
 4.00016623836070E+0019
 4.00016579855605E+0019
 4.00016535875140E+0019
 4.00016447914209E+0019
 4.00016447914209E+0019
 4.00016535875140E+0019
 4.00016579855605E+0019
 4.00016535875140E+0019
 4.00016535875140E+0019
 4.00016535875140E+0019
 4.00016579855605E+0019
 4.00016579855605E+0019
 4.00016623836070E+0019
 4.00016623836070E+0019
 4.00016667816535E+0019
 4.00016623836070E+0019
 4.00016623836070E+0019
 4.00016711797000E+0019
 4.00016711797000E+0019
 4.00016667816535E+0019
 4.00016667816535E+0019
 4.00016667816535E+0019
 4.00016667816535E+0019
 4.00016755777465E+0019
 4.00016755777465E+0019
 4.00016799757930E+0019
 4.00016799757930E+0019
 4.00016799757930E+0019
 4.00016887718861E+0019
 4.00016843738395E+0019
 4.00016843738395E+0019
 4.00016887718861E+0019
 4.00016931699326E+0019
 4.00016843738395E+0019
 4.00016799757930E+0019
 4.00016755777465E+0019
 4.00016755777465E+0019
 4.00016799757930E+0019
 4.00016887718861E+0019
 4.00016755777465E+0019
 4.00016799757930E+0019
 4.00016843738395E+0019
 4.00016843738395E+0019
 4.00016887718861E+0019
 4.00016887718861E+0019
 4.00016887718861E+0019
 4.00016843738395E+0019
 4.00016887718861E+0019
 4.00016931699326E+0019
 4.00016887718861E+0019
 4.00016843738395E+0019
 4.00016799757930E+0019
 4.00016755777465E+0019
 4.00016799757930E+0019
 4.00016843738395E+0019
 4.00016799757930E+0019
 4.00016799757930E+0019
 4.00016843738395E+0019
 4.00016887718861E+0019
 4.00016843738395E+0019
 4.00016799757930E+0019
 4.00016755777465E+0019
 4.00016667816535E+0019
 4.00016711797000E+0019
 4.00016755777465E+0019
 4.00016711797000E+0019
 4.00016711797000E+0019
 4.00016755777465E+0019
 4.00016799757930E+0019
 4.00016799757930E+0019
 4.00016843738395E+0019
 4.00016887718861E+0019
 4.00016843738395E+0019
 4.00016887718861E+0019
 4.00016887718861E+0019
 4.00016931699326E+0019
 4.00016887718861E+0019
 4.00016887718861E+0019
 4.00016887718861E+0019
 4.00016887718861E+0019
 4.00016887718861E+0019
 4.00016887718861E+0019
 4.00016887718861E+0019
 4.00016887718861E+0019
 4.00016887718861E+0019
 4.00016931699326E+0019
 4.00016887718861E+0019
 4.00016887718861E+0019
 4.00016887718861E+0019
 4.00016887718861E+0019
 4.00016887718861E+0019
 4.00016931699326E+0019
 4.00016887718861E+0019
 4.00016887718861E+0019
 4.00016887718861E+0019
 4.00016931699326E+0019
 4.00016887718861E+0019
 4.00016887718861E+0019
 4.00016887718861E+0019
 4.00016843738395E+0019
 4.00016887718861E+0019
 4.00016887718861E+0019
 4.00016843738395E+0019
 4.00016843738395E+0019
 4.00016843738395E+0019
 4.00016799757930E+0019
 4.00016799757930E+0019
 4.00016843738395E+0019
 4.00016843738395E+0019
 4.00016799757930E+0019
 4.00016799757930E+0019
 4.00016799757930E+0019
 4.00016755777465E+0019
 4.00016755777465E+0019
 4.00016755777465E+0019
 4.00016711797000E+0019
 4.00016711797000E+0019
 4.00016711797000E+0019
 4.00016711797000E+0019
 4.00016667816535E+0019
 4.00016667816535E+0019
 4.00016667816535E+0019
 4.00016579855605E+0019
 4.00016579855605E+0019
 4.00016579855605E+0019
 4.00016535875140E+0019
 4.00016535875140E+0019
 4.00016535875140E+0019
 4.00016535875140E+0019
 4.00016447914209E+0019
 4.00016447914209E+0019
 4.00016491894674E+0019
 4.00016491894674E+0019
 4.00016491894674E+0019
 4.00016447914209E+0019
 4.00016403933744E+0019
 4.00016403933744E+0019
 4.00016447914209E+0019
 4.00016535875140E+0019
 4.00016579855605E+0019
 4.00016535875140E+0019
 4.00016535875140E+0019
 4.00016535875140E+0019
 4.00016579855605E+0019
 4.00016579855605E+0019
 4.00016623836070E+0019
 4.00016623836070E+0019
 4.00016623836070E+0019
 4.00016623836070E+0019
 4.00016667816535E+0019
 4.00016711797000E+0019
 4.00016667816535E+0019
 4.00016667816535E+0019
 4.00016755777465E+0019
 4.00016755777465E+0019
 4.00016711797000E+0019
 4.00016755777465E+0019
 4.00016755777465E+0019
 4.00016799757930E+0019
 4.00016799757930E+0019
 4.00016843738395E+0019
 4.00016799757930E+0019
 4.00016799757930E+0019
 4.00016843738395E+0019
 4.00016887718861E+0019
 4.00016931699326E+0019
 4.00016887718861E+0019
 4.00016887718861E+0019
 4.00016931699326E+0019
 4.00016887718861E+0019
 4.00016931699326E+0019
 4.00016931699326E+0019
 4.00016843738395E+0019
 4.00016843738395E+0019
 4.00016887718861E+0019
 4.00016887718861E+0019
 4.00016931699326E+0019
 4.00016887718861E+0019
 4.00016843738395E+0019
 4.00016843738395E+0019
 4.00016887718861E+0019
 4.00016931699326E+0019
 4.00016887718861E+0019
 4.00016887718861E+0019
 4.00016887718861E+0019
 4.00016931699326E+0019
 4.00016887718861E+0019
 4.00016887718861E+0019
 4.00016843738395E+0019
 4.00016887718861E+0019
 4.00016887718861E+0019
 4.00016931699326E+0019
 4.00016887718861E+0019
 4.00016887718861E+0019
 4.00016931699326E+0019
 4.00016887718861E+0019
 4.00016887718861E+0019
 4.00016931699326E+0019
 4.00016887718861E+0019
 4.00016887718861E+0019
 4.00016887718861E+0019
 4.00016931699326E+0019
 4.00016887718861E+0019
 4.00016887718861E+0019
 4.00016887718861E+0019
 4.00016887718861E+0019
 4.00016887718861E+0019
 4.00016887718861E+0019
 4.00016843738395E+0019
 4.00016887718861E+0019
 4.00016887718861E+0019
 4.00016931699326E+0019
 4.00016887718861E+0019
 4.00016887718861E+0019
 4.00016887718861E+0019
 4.00016843738395E+0019
 4.00016887718861E+0019
 4.00016931699326E+0019
 4.00016843738395E+0019
 4.00016843738395E+0019
 4.00016887718861E+0019
 4.00016843738395E+0019
 4.00016887718861E+0019
 4.00016887718861E+0019
 4.00016887718861E+0019
 4.00016843738395E+0019
 4.00016887718861E+0019
 4.00016887718861E+0019
 4.00016843738395E+0019
 4.00016843738395E+0019
 4.00016887718861E+0019
 4.00016887718861E+0019
 4.00016887718861E+0019
 4.00016887718861E+0019
 4.00016843738395E+0019
 4.00016843738395E+0019
 4.00016887718861E+0019
 4.00016887718861E+0019
 4.00016843738395E+0019
 4.00016843738395E+0019
 4.00016843738395E+0019
 4.00016799757930E+0019
 4.00016843738395E+0019
 4.00016843738395E+0019
 4.00016843738395E+0019
 4.00016799757930E+0019
 4.00016799757930E+0019
 4.00016799757930E+0019
 4.00016755777465E+0019
 4.00016755777465E+0019
 4.00016755777465E+0019
 4.00016711797000E+0019
 4.00016799757930E+0019
 4.00016799757930E+0019
 4.00016799757930E+0019
 4.00016755777465E+0019
 4.00016755777465E+0019
 4.00016755777465E+0019
 4.00016755777465E+0019
 4.00016755777465E+0019
 4.00016711797000E+0019
 4.00016667816535E+0019
 4.00016667816535E+0019
 4.00016667816535E+0019
 4.00016667816535E+0019
 4.00016623836070E+0019
 4.00016579855605E+0019
 4.00016579855605E+0019
 4.00016535875140E+0019
 4.00016579855605E+0019
 4.00016579855605E+0019
 4.00016535875140E+0019
 4.00016535875140E+0019
 4.00016535875140E+0019
 4.00016579855605E+0019
 4.00016579855605E+0019
 4.00016579855605E+0019
 4.00016579855605E+0019
 4.00016623836070E+0019
 4.00016623836070E+0019
 4.00016623836070E+0019
 4.00016711797000E+0019
 4.00016711797000E+0019
 4.00016667816535E+0019
 4.00016667816535E+0019
 4.00016755777465E+0019
 4.00016755777465E+0019
 4.00016711797000E+0019
 4.00016711797000E+0019
 4.00016755777465E+0019
 4.00016711797000E+0019
 4.00016755777465E+0019
 4.00016799757930E+0019
 4.00016755777465E+0019
 4.00016755777465E+0019
 4.00016799757930E+0019
 4.00016887718861E+0019
 4.00016887718861E+0019
 4.00016887718861E+0019
 4.00016887718861E+0019
 4.00016931699326E+0019
 4.00016887718861E+0019
 4.00016931699326E+0019
 4.00016931699326E+0019
 4.00016843738395E+0019
 4.00016843738395E+0019
 4.00016887718861E+0019
 4.00016887718861E+0019
 4.00016931699326E+0019
 4.00016887718861E+0019
 4.00016843738395E+0019
 4.00016843738395E+0019
 4.00016887718861E+0019
 4.00016931699326E+0019
 4.00016887718861E+0019
 4.00016887718861E+0019
 4.00016887718861E+0019
 4.00016931699326E+0019
 4.00016887718861E+0019
 4.00016887718861E+0019
 4.00016931699326E+0019
 4.00016887718861E+0019
 4.00016887718861E+0019
 4.00016931699326E+0019
 4.00016887718861E+0019
 4.00016887718861E+0019
 4.00016931699326E+0019
 4.00016887718861E+0019
 4.00016887718861E+0019
 4.00016931699326E+0019
 4.00016887718861E+0019
 4.00016887718861E+0019
 4.00016887718861E+0019
 4.00016931699326E+0019
 4.00016887718861E+0019
 4.00016887718861E+0019
 4.00016887718861E+0019
 4.00016887718861E+0019
 4.00016887718861E+0019
 4.00016887718861E+0019
 4.00016843738395E+0019
 4.00016887718861E+0019
 4.00016887718861E+0019
 4.00016931699326E+0019
 4.00016887718861E+0019
 4.00016887718861E+0019
 4.00016887718861E+0019
 4.00016843738395E+0019
 4.00016887718861E+0019
 4.00016931699326E+0019
 4.00016843738395E+0019
 4.00016843738395E+0019
 4.00016887718861E+0019
 4.00016843738395E+0019
 4.00016887718861E+0019
 4.00016887718861E+0019
 4.00016887718861E+0019
 4.00016843738395E+0019
 4.00016887718861E+0019
 4.00016887718861E+0019
 4.00016887718861E+0019
 4.00016887718861E+0019
 4.00016887718861E+0019
 4.00016887718861E+0019
 4.00016887718861E+0019
 4.00016887718861E+0019
 4.00016887718861E+0019
 4.00016843738395E+0019
 4.00016887718861E+0019
 4.00016887718861E+0019
 4.00016843738395E+0019
 4.00016843738395E+0019
 4.00016887718861E+0019
 4.00016887718861E+0019
 4.00016887718861E+0019
 4.00016887718861E+0019
 4.00016887718861E+0019
 4.00016843738395E+0019
 4.00016887718861E+0019
 4.00016887718861E+0019
 4.00016887718861E+0019
 4.00016843738395E+0019
 4.00016843738395E+0019
 4.00016799757930E+0019
 4.00016799757930E+0019
 4.00016799757930E+0019
 4.00016799757930E+0019
 4.00016755777465E+0019
 4.00016755777465E+0019
 4.00016755777465E+0019
 4.00016711797000E+0019
 4.00016755777465E+0019
 4.00016755777465E+0019
 4.00016667816535E+0019
 4.00016667816535E+0019
 4.00016667816535E+0019
 4.00016667816535E+0019
 4.00016579855605E+0019
 4.00016535875140E+0019
 4.00016491894674E+0019
 4.00016447914209E+0019
 4.00016447914209E+0019
 4.00016491894674E+0019
 4.00016447914209E+0019
 4.00016403933744E+0019
 4.00016359953279E+0019
 4.00016271992349E+0019
 4.00016271992349E+0019
 4.00016228011884E+0019
 4.00016184031419E+0019
 4.00016140050954E+0019
 4.00016096070489E+0019
 4.00016052090023E+0019
 4.00016008109558E+0019
 4.00015964129093E+0019
 4.00015964129093E+0019
 4.00015964129093E+0019
 4.00015964129093E+0019
 4.00015964129093E+0019
 4.00015964129093E+0019
 4.00015832187698E+0019
 4.00015832187698E+0019
 4.00015832187698E+0019
 4.00015832187698E+0019
 4.00015832187698E+0019
 4.00015832187698E+0019
 4.00015744226768E+0019
 4.00015656265837E+0019
 4.00015656265837E+0019
 4.00015656265837E+0019
 4.00015656265837E+0019
 4.00015568304907E+0019
 4.00015524324442E+0019
 4.00015480343977E+0019
 4.00015436363512E+0019
 4.00015436363512E+0019
 4.00015436363512E+0019
 4.00015348402582E+0019
 4.00015348402582E+0019
 4.00015304422117E+0019
 4.00015260441651E+0019
 4.00015216461186E+0019
 4.00015216461186E+0019
 4.00015172480721E+0019
 4.00015084519791E+0019
 4.00015040539326E+0019
 4.00014996558861E+0019
 4.00014952578396E+0019
 4.00014908597931E+0019
 4.00014864617465E+0019
 4.00014820637000E+0019
 4.00014688695605E+0019
 4.00014644715140E+0019
 4.00014600734675E+0019
 4.00014644715140E+0019
 4.00014600734675E+0019
 4.00014512773745E+0019
 4.00014512773745E+0019
 4.00014468793279E+0019
 4.00014380832349E+0019
 4.00014380832349E+0019
 4.00014336851884E+0019
 4.00014248890954E+0019
 4.00014160930024E+0019
 4.00014160930024E+0019
 4.00014160930024E+0019
 4.00014072969093E+0019
 4.00014028988628E+0019
 4.00013985008163E+0019
 4.00013853066768E+0019
 4.00013809086303E+0019
 4.00013809086303E+0019
 4.00013765105838E+0019
 4.00013721125373E+0019
 4.00013633164442E+0019
 4.00013545203512E+0019
 4.00013457242582E+0019
 4.00013413262117E+0019
 4.00013369281652E+0019
 4.00013237340256E+0019
 4.00013149379326E+0019
 4.00013061418396E+0019
 4.00012973457466E+0019
 4.00012929477001E+0019
 4.00012885496535E+0019
 4.00012885496535E+0019
 4.00012929477001E+0019
 4.00012929477001E+0019
 4.00012885496535E+0019
 4.00012885496535E+0019
 4.00012885496535E+0019
 4.00012885496535E+0019
 4.00012885496535E+0019
 4.00012885496535E+0019
 4.00012929477001E+0019
 4.00012973457466E+0019
 4.00012973457466E+0019
 4.00012929477001E+0019
 4.00012929477001E+0019
 4.00012929477001E+0019
 4.00012973457466E+0019
 4.00013017437931E+0019
 4.00013017437931E+0019
 4.00013017437931E+0019
 4.00013017437931E+0019
 4.00013017437931E+0019
 4.00013061418396E+0019
 4.00013017437931E+0019
 4.00013017437931E+0019
 4.00013061418396E+0019
 4.00013017437931E+0019
 4.00013017437931E+0019
 4.00013017437931E+0019
 4.00013017437931E+0019
 4.00013017437931E+0019
 4.00013017437931E+0019
 4.00013017437931E+0019
 4.00013017437931E+0019
 4.00013017437931E+0019
 4.00013017437931E+0019
 4.00013017437931E+0019
 4.00013017437931E+0019
 4.00013017437931E+0019
 4.00013061418396E+0019
 4.00013061418396E+0019
 4.00013017437931E+0019
 4.00013017437931E+0019
 4.00013017437931E+0019
 4.00013061418396E+0019
 4.00013061418396E+0019
 4.00013017437931E+0019
 4.00013017437931E+0019
 4.00013017437931E+0019
 4.00012973457466E+0019
 4.00012973457466E+0019
 4.00012973457466E+0019
 4.00013017437931E+0019
 4.00013061418396E+0019
 4.00013017437931E+0019
 4.00013017437931E+0019
 4.00013017437931E+0019
 4.00013017437931E+0019
 4.00013017437931E+0019
 4.00013017437931E+0019
 4.00013017437931E+0019
 4.00013017437931E+0019
 4.00013017437931E+0019
 4.00013017437931E+0019
 4.00012973457466E+0019
 4.00012973457466E+0019
 4.00012973457466E+0019
 4.00013017437931E+0019
 4.00013061418396E+0019
 4.00013017437931E+0019
 4.00013017437931E+0019
 4.00013017437931E+0019
 4.00012973457466E+0019
 4.00012973457466E+0019
 4.00012973457466E+0019
 4.00012973457466E+0019
 4.00012973457466E+0019
 4.00012929477001E+0019
 4.00012885496535E+0019
 4.00012885496535E+0019
 4.00012885496535E+0019
 4.00012885496535E+0019
 4.00012885496535E+0019
 4.00012841516070E+0019
 4.00012841516070E+0019
 4.00012841516070E+0019
 4.00012753555140E+0019
 4.00012709574675E+0019
 4.00012709574675E+0019
 4.00012709574675E+0019
 4.00012709574675E+0019
 4.00012621613745E+0019
 4.00012621613745E+0019
 4.00012621613745E+0019
 4.00012533652815E+0019
 4.00012489672349E+0019
 4.00012533652815E+0019
 4.00012577633280E+0019
 4.00012445691884E+0019
 4.00012401711419E+0019
 4.00012357730954E+0019
 4.00012401711419E+0019
 4.00012445691884E+0019
 4.00012357730954E+0019
 4.00012313750489E+0019
 4.00012269770024E+0019
 4.00012181809094E+0019
 4.00012137828629E+0019
 4.00012093848163E+0019
 4.00012137828629E+0019
 4.00012181809094E+0019
 4.00012137828629E+0019
 4.00012049867698E+0019
 4.00012049867698E+0019
 4.00012049867698E+0019
 4.00012049867698E+0019
 4.00012049867698E+0019
 4.00012049867698E+0019
 4.00012049867698E+0019
 4.00012049867698E+0019
 4.00011917926303E+0019
 4.00011917926303E+0019
 4.00011917926303E+0019
 4.00011917926303E+0019
 4.00011961906768E+0019
 4.00011961906768E+0019
 4.00011961906768E+0019
 4.00011961906768E+0019
 4.00011961906768E+0019
 4.00011829965373E+0019
 4.00011742004443E+0019
 4.00011742004443E+0019
 4.00011742004443E+0019
 4.00011785984908E+0019
 4.00011742004443E+0019
 4.00011654043512E+0019
 4.00011610063047E+0019
 4.00011566082582E+0019
 4.00011522102117E+0019
 4.00011478121652E+0019
 4.00011478121652E+0019
 4.00011478121652E+0019
 4.00011478121652E+0019
 4.00011478121652E+0019
 4.00011390160722E+0019
 4.00011346180257E+0019
 4.00011302199791E+0019
 4.00011302199791E+0019
 4.00011214238861E+0019
 4.00011170258396E+0019
 4.00011170258396E+0019
 4.00011170258396E+0019
 4.00011038317001E+0019
 4.00010994336536E+0019
 4.00010994336536E+0019
 4.00010950356071E+0019
 4.00010862395140E+0019
 4.00010818414675E+0019
 4.00010774434210E+0019
 4.00010686473280E+0019
 4.00010642492815E+0019
 4.00010554531885E+0019
 4.00010466570954E+0019
 4.00010466570954E+0019
 4.00010466570954E+0019
 4.00010466570954E+0019
 4.00010334629559E+0019
 4.00010246668629E+0019
 4.00010158707699E+0019
 4.00010026766303E+0019
 4.00009982785838E+0019
 4.00009938805373E+0019
 4.00009894824908E+0019
 4.00009894824908E+0019
 4.00009894824908E+0019
 4.00009894824908E+0019
 4.00009806863978E+0019
 4.00009674922582E+0019
 4.00009630942117E+0019
 4.00009455020257E+0019
 4.00009367059327E+0019
 4.00009323078861E+0019
 4.00009279098396E+0019
 4.00009235117931E+0019
 4.00009279098396E+0019
 4.00009279098396E+0019
 4.00009235117931E+0019
 4.00009191137466E+0019
 4.00009191137466E+0019
 4.00009191137466E+0019
 4.00009191137466E+0019
 4.00009191137466E+0019
 4.00009191137466E+0019
 4.00009235117931E+0019
 4.00009235117931E+0019
 4.00009235117931E+0019
 4.00009191137466E+0019
 4.00009103176536E+0019
 4.00009103176536E+0019
 4.00009103176536E+0019
 4.00009103176536E+0019
 4.00009147157001E+0019
 4.00009191137466E+0019
 4.00009191137466E+0019
 4.00009235117931E+0019
 4.00009235117931E+0019
 4.00009191137466E+0019
 4.00009191137466E+0019
 4.00009191137466E+0019
 4.00009235117931E+0019
 4.00009191137466E+0019
 4.00009191137466E+0019
 4.00009235117931E+0019
 4.00009235117931E+0019
 4.00009235117931E+0019
 4.00009235117931E+0019
 4.00009191137466E+0019
 4.00009191137466E+0019
 4.00009191137466E+0019
 4.00009191137466E+0019
 4.00009235117931E+0019
 4.00009235117931E+0019
 4.00009235117931E+0019
 4.00009191137466E+0019
 4.00009235117931E+0019
 4.00009191137466E+0019
 4.00009191137466E+0019
 4.00009191137466E+0019
 4.00009191137466E+0019
 4.00009191137466E+0019
 4.00009191137466E+0019
 4.00009191137466E+0019
 4.00009235117931E+0019
 4.00009235117931E+0019
 4.00009191137466E+0019
 4.00009191137466E+0019
 4.00009191137466E+0019
 4.00009191137466E+0019
 4.00009235117931E+0019
 4.00009235117931E+0019
 4.00009191137466E+0019
 4.00009191137466E+0019
 4.00009191137466E+0019
 4.00009235117931E+0019
 4.00009235117931E+0019
 4.00009191137466E+0019
 4.00009235117931E+0019
 4.00009191137466E+0019
 4.00009191137466E+0019
 4.00009191137466E+0019
 4.00009235117931E+0019
 4.00009235117931E+0019
 4.00009191137466E+0019
 4.00009191137466E+0019
 4.00009191137466E+0019
 4.00009191137466E+0019
 4.00009191137466E+0019
 4.00009191137466E+0019
 4.00009191137466E+0019
 4.00009191137466E+0019
 4.00009191137466E+0019
 4.00009235117931E+0019
 4.00009235117931E+0019
 4.00009235117931E+0019
 4.00009235117931E+0019
 4.00009191137466E+0019
 4.00009191137466E+0019
 4.00009191137466E+0019
 4.00009191137466E+0019
 4.00009235117931E+0019
 4.00009235117931E+0019
 4.00009191137466E+0019
 4.00009191137466E+0019
 4.00009191137466E+0019
 4.00009191137466E+0019
 4.00009191137466E+0019
 4.00009191137466E+0019
 4.00009235117931E+0019
 4.00009191137466E+0019
 4.00009191137466E+0019
 4.00009235117931E+0019
 4.00009235117931E+0019
 4.00009235117931E+0019
 4.00009191137466E+0019
 4.00009147157001E+0019
 4.00009147157001E+0019
 4.00009147157001E+0019
 4.00009147157001E+0019
 4.00009191137466E+0019
 4.00009147157001E+0019
 4.00009191137466E+0019
 4.00009191137466E+0019
 4.00009191137466E+0019
 4.00009191137466E+0019
 4.00009191137466E+0019
 4.00009191137466E+0019
 4.00009147157001E+0019
 4.00009147157001E+0019
 4.00009191137466E+0019
 4.00009191137466E+0019
 4.00009235117931E+0019
 4.00009235117931E+0019
 4.00009191137466E+0019
 4.00009191137466E+0019
 4.00009191137466E+0019
 4.00009191137466E+0019
 4.00009191137466E+0019
 4.00009191137466E+0019
 4.00009235117931E+0019
 4.00009191137466E+0019
 4.00009191137466E+0019
 4.00009191137466E+0019
 4.00009191137466E+0019
 4.00009147157001E+0019
 4.00009147157001E+0019
 4.00009147157001E+0019
 4.00009147157001E+0019
 4.00009147157001E+0019
 4.00009147157001E+0019
 4.00009191137466E+0019
 4.00009147157001E+0019
 4.00009103176536E+0019
 4.00009103176536E+0019
 4.00009103176536E+0019
 4.00009103176536E+0019
 4.00009103176536E+0019
 4.00009103176536E+0019
 4.00009147157001E+0019
 4.00009147157001E+0019
 4.00009147157001E+0019
 4.00009147157001E+0019
 4.00009147157001E+0019
 4.00009103176536E+0019
 4.00009059196071E+0019
 4.00009059196071E+0019
 4.00009059196071E+0019
 4.00009059196071E+0019
 4.00009147157001E+0019
 4.00009235117931E+0019
 4.00009191137466E+0019
 4.00009191137466E+0019
 4.00009147157001E+0019
 4.00009147157001E+0019
 4.00009147157001E+0019
 4.00009103176536E+0019
 4.00009103176536E+0019
 4.00009103176536E+0019
 4.00009103176536E+0019
 4.00009191137466E+0019
 4.00009235117931E+0019
 4.00009235117931E+0019
 4.00009147157001E+0019
 4.00009147157001E+0019
 4.00009147157001E+0019
 4.00009147157001E+0019
 4.00009147157001E+0019
 4.00009191137466E+0019
 4.00009191137466E+0019
 4.00009191137466E+0019
 4.00009191137466E+0019
 4.00009147157001E+0019
 4.00009147157001E+0019
 4.00009103176536E+0019
 4.00009059196071E+0019
 4.00009015215606E+0019
 4.00009015215606E+0019
 4.00009015215606E+0019
 4.00009015215606E+0019
 4.00009103176536E+0019
 4.00009059196071E+0019
 4.00009015215606E+0019
 4.00008971235141E+0019
 4.00008927254676E+0019
 4.00008927254676E+0019
 4.00008839293745E+0019
 4.00008795313280E+0019
 4.00008839293745E+0019
 4.00008883274210E+0019
 4.00008927254676E+0019
 4.00008927254676E+0019
 4.00008883274210E+0019
 4.00008839293745E+0019
 4.00008795313280E+0019
 4.00008751332815E+0019
 4.00008795313280E+0019
 4.00008839293745E+0019
 4.00008883274210E+0019
 4.00008795313280E+0019
 4.00008751332815E+0019
 4.00008707352350E+0019
 4.00008663371885E+0019
 4.00008707352350E+0019
 4.00008707352350E+0019
 4.00008663371885E+0019
 4.00008619391420E+0019
 4.00008575410955E+0019
 4.00008531430489E+0019
 4.00008575410955E+0019
 4.00008619391420E+0019
 4.00008531430489E+0019
 4.00008443469559E+0019
 4.00008443469559E+0019
 4.00008443469559E+0019
 4.00008443469559E+0019
 4.00008443469559E+0019
 4.00008487450024E+0019
 4.00008443469559E+0019
 4.00008443469559E+0019
 4.00008443469559E+0019
 4.00008443469559E+0019
 4.00008443469559E+0019
 4.00008443469559E+0019
 4.00008311528164E+0019
 4.00008223567234E+0019
 4.00008135606303E+0019
 4.00008135606303E+0019
 4.00008135606303E+0019
 4.00008135606303E+0019
 4.00008179586769E+0019
 4.00008223567234E+0019
 4.00008179586769E+0019
 4.00008179586769E+0019
 4.00008179586769E+0019
 4.00008091625838E+0019
 4.00008091625838E+0019
 4.00008047645373E+0019
 4.00007959684443E+0019
 4.00007915703978E+0019
 4.00007915703978E+0019
 4.00007915703978E+0019
 4.00007915703978E+0019
 4.00007915703978E+0019
 4.00007959684443E+0019
 4.00007959684443E+0019
 4.00007915703978E+0019
 4.00007871723513E+0019
 4.00007827743048E+0019
 4.00007783762583E+0019
 4.00007783762583E+0019
 4.00007695801652E+0019
 4.00007651821187E+0019
 4.00007607840722E+0019
 4.00007607840722E+0019
 4.00007607840722E+0019
 4.00007607840722E+0019
 4.00007519879792E+0019
 4.00007387938397E+0019
 4.00007299977466E+0019
 4.00007255997001E+0019
 4.00007212016536E+0019
 4.00007168036071E+0019
 4.00007036094676E+0019
 4.00006992114211E+0019
 4.00006948133745E+0019
 4.00006904153280E+0019
 4.00006860172815E+0019
 4.00006816192350E+0019
 4.00006860172815E+0019
 4.00006816192350E+0019
 4.00006728231420E+0019
 4.00006640270490E+0019
 4.00006552309559E+0019
 4.00006464348629E+0019
 4.00006288426769E+0019
 4.00006200465839E+0019
 4.00006156485374E+0019
 4.00006112504908E+0019
 4.00006068524443E+0019
 4.00006024543978E+0019
 4.00006024543978E+0019
 4.00005936583048E+0019
 4.00005892602583E+0019
 4.00005848622118E+0019
 4.00005804641653E+0019
 4.00005760661187E+0019
 4.00005716680722E+0019
 4.00005672700257E+0019
 4.00005628719792E+0019
 4.00005496778397E+0019
 4.00005408817467E+0019
 4.00005364837001E+0019
 4.00005364837001E+0019
 4.00005364837001E+0019
 4.00005364837001E+0019
 4.00005364837001E+0019
 4.00005364837001E+0019
 4.00005364837001E+0019
 4.00005320856536E+0019
 4.00005364837001E+0019
 4.00005364837001E+0019
 4.00005364837001E+0019
 4.00005320856536E+0019
 4.00005320856536E+0019
 4.00005320856536E+0019
 4.00005320856536E+0019
 4.00005364837001E+0019
 4.00005364837001E+0019
 4.00005364837001E+0019
 4.00005364837001E+0019
 4.00005364837001E+0019
 4.00005320856536E+0019
 4.00005320856536E+0019
 4.00005320856536E+0019
 4.00005320856536E+0019
 4.00005364837001E+0019
 4.00005364837001E+0019
 4.00005364837001E+0019
 4.00005364837001E+0019
 4.00005848622118E+0019
 4.00007519879792E+0019
 4.00011082297466E+0019
 4.00017371503977E+0019
 4.00027179147697E+0019
 4.00041340857462E+0019
 4.00060868183972E+0019
 4.00086684716992E+0019
 4.00120197831406E+0019
 4.00162814902099E+0019
 4.00216031264883E+0019
 4.00282045943015E+0019
 4.00363057959750E+0019
 4.00461970025784E+0019
 4.00582036695537E+0019
 4.00727216210869E+0019
 4.00902302442476E+0019
 4.01112573046172E+0019
 4.01364669072188E+0019
 4.01666111180059E+0019
 4.02025871384668E+0019
 4.02454065192989E+0019
 4.02962435389207E+0019
 4.03564703878438E+0019
 4.04276659647655E+0019
 4.05116202746160E+0019
 4.06103960012089E+0019
 4.07263548955207E+0019
 4.08621709698301E+0019
 4.10209052645088E+0019
 4.12060146441147E+0019
 4.14214441563681E+0019
 4.16716402262918E+0019
 4.19616606073735E+0019
 4.22972051678917E+0019
 4.26847478323106E+0019
 4.31316025519783E+0019
 4.36460596445682E+0019
 4.42375177354745E+0019
 4.49166332913936E+0019
 4.56955229304636E+0019
 4.65879921206829E+0019
 4.76097814705146E+0019
 4.87788965823754E+0019
 5.01159730904952E+0019
 5.16447032714293E+0019
 5.33922538584770E+0019
 5.53897058463321E+0019
 5.76724107328508E+0019
 6.02800344995170E+0019
 6.32563860876275E+0019
 6.66485553811769E+0019
 7.05058356854616E+0019
 7.48783603326617E+0019
 7.98165573240734E+0019
 8.53721432886209E+0019
 9.16023280153206E+0019
 9.85783510615594E+0019
 1.06399493929278E+0020
 1.15213170341438E+0020
 1.25240487688336E+0020
 1.36804341748726E+0020
 1.50346129266555E+0020
 1.66365697023903E+0020
 1.84813197561612E+0020
 2.04519594932660E+0020
 2.24976615697851E+0020
 2.45823866333880E+0020
 2.66653489599491E+0020
 2.87186016027185E+0020
 3.07235496210471E+0020
 3.26653751166297E+0020
 3.45118755929121E+0020
 3.62157773275556E+0020
 3.77003748709695E+0020
 3.88393457720431E+0020
 3.94298837916193E+0020
 3.97376485311547E+0020
 3.99025823121955E+0020
 4.00000008016351E+0020
