4e+20
3.975787498571772e+20
3.9492848349806055e+20
3.91267830787023e+20
3.857031145259321e+20
3.770241735521819e+20
3.6388827571951554e+20
3.449812399126331e+20
3.1861409797116455e+20
2.8593911930623993e+20
2.4883376817304994e+20
2.127014370085109e+20
1.80278487081589e+20
1.531102418158542e+20
1.3243374209350376e+20
1.1701007862129113e+20
1.0496244043899426e+20
9.532775108945155e+19
8.740185758188285e+19
8.117429271067833e+19
7.625960615611772e+19
7.241439033638796e+19
6.956598925300581e+19
6.718604801036072e+19
6.515705953674356e+19
6.338340357401457e+19
6.182036148284174e+19
6.043304306679812e+19
5.919383551802427e+19
5.8080604978726535e+19
5.707540473227436e+19
5.6163531511501865e+19
5.5332825489511326e+19
5.457314375058147e+19
5.3875959179078705e+19
5.323405130713814e+19
5.264126546768742e+19
5.209232329343797e+19
5.1582672242267365e+19
5.110836509093184e+19
5.0665962661835596e+19
5.025245472203912e+19
4.986519521452332e+19
4.950184888130281e+19
4.91603470074436e+19
4.883885051791026e+19
4.85357190402229e+19
4.824948483704171e+19
4.797883073697224e+19
4.772257136577397e+19
4.747963711597624e+19
4.7249060399699124e+19
4.702996381396959e+19
4.682154991507249e+19
4.662309235230399e+19
4.643392815481263e+19
4.625345100025271e+19
4.6081105322456285e+19
4.591638113859105e+19
4.5758809495352795e+19
4.560795844946192e+19
4.546342951073816e+19
4.532485448682837e+19
4.519189267766677e+19
4.5064228375280255e+19
4.4941568630876635e+19
4.482364125648259e+19
4.471019303290122e+19
4.460098809957737e+19
4.4495806505204744e+19
4.439444290067826e+19
4.4296705358362e+19
4.420241430367328e+19
4.4111401546729e+19
4.402350940330419e+19
4.393858989565252e+19
4.385650402486398e+19
4.377712110741126e+19
4.37003181693871e+19
4.362597939267425e+19
4.355399560793829e+19
4.348426382989847e+19
4.341668683082965e+19
4.335117274868438e+19
4.3287634726608134e+19
4.322599058096039e+19
4.316616249525269e+19
4.3108076737680286e+19
4.305166340015844e+19
4.299685615698325e+19
4.294359204142188e+19
4.289181123870209e+19
4.284145689401851e+19
4.279247493430426e+19
4.274481390263422e+19
4.2698424804231274e+19
4.265326096314189e+19
4.260927788873156e+19
4.256643315122713e+19
4.252468626560165e+19
4.248399858315945e+19
4.244433319023449e+19
4.240565481346581e+19
4.236792973115945e+19
4.2331125690287505e+19
4.2295211828712374e+19
4.226015860225807e+19
4.222593771628177e+19
4.219252206142625e+19
4.215988565325981e+19
4.2128003575533404e+19
4.209685192680574e+19
4.206640777020686e+19
4.203664908612793e+19
4.200755472764155e+19
4.197910437847117e+19
4.195127851334261e+19
4.192405836056221e+19
4.189742586667786e+19
4.187136366308991e+19
4.18458550344882e+19
4.182088388900041e+19
4.179643472994529e+19
4.1772492629091434e+19
4.17490432013293e+19
4.1726072580671046e+19
4.170356739749777e+19
4.168151475697983e+19
4.165990221860085e+19
4.163871777672028e+19
4.161794984211418e+19
4.159758722443775e+19
4.157761911555636e+19
4.155803507369596e+19
4.153882500836656e+19
4.151997916601533e+19
4.150148811636883e+19
4.148334273942628e+19
4.146553421306833e+19
4.144805400124766e+19
4.143089384273025e+19
4.141404574035757e+19
4.139750195080238e+19
4.1381254974791434e+19
4.136529754777143e+19
4.134962263099436e+19
4.133422340300117e+19
4.131909325148306e+19
4.130422576550103e+19
4.128961472804594e+19
4.12752541089215e+19
4.1261138057934586e+19
4.124726089837712e+19
4.123361712078559e+19
4.12202013769644e+19
4.120700847426033e+19
4.1194033370075865e+19
4.118127116661013e+19
4.116871710581631e+19
4.1156366564565885e+19
4.114421505000892e+19
4.113225819512243e+19
4.112049175443737e+19
4.1108911599936004e+19
4.109751371711227e+19
4.108629420118731e+19
4.107524925347324e+19
4.106437517787876e+19
4.105366837754972e+19
4.104312535163921e+19
4.103274269220104e+19
4.102251708120139e+19
4.101244528764353e+19
4.100252416480027e+19
4.099275064755018e+19
4.098312174981258e+19
4.097363456207711e+19
4.096428624902443e+19
4.095507404723336e+19
4.094599526297149e+19
4.093704727006559e+19
4.092822750784838e+19
4.091953347917858e+19
4.091096274853146e+19
4.090251294015656e+19
4.089418173630034e+19
4.0885966875490796e+19
4.087786615088171e+19
4.086987740865409e+19
4.086199854647263e+19
4.085422751199491e+19
4.084656230143123e+19
4.083900095815329e+19
4.083154157134974e+19
4.082418227472653e+19
4.081692124525077e+19
4.080975670193617e+19
4.080268690466841e+19
4.079571015306929e+19
4.07888247853977e+19
4.078202917748643e+19
4.077532174171331e+19
4.0768700926005486e+19
4.076216521287543e+19
4.0755713118487814e+19
4.0749343191755784e+19
4.0743054013465805e+19
4.073684419543009e+19
4.0730712379665244e+19
4.072465723759668e+19
4.071867746928748e+19
4.071277180269112e+19
4.0706938992926966e+19
4.070117782157803e+19
4.06954870960098e+19
4.068986564870991e+19
4.068431233664758e+19
4.0678826040652145e+19
4.067340566481017e+19
4.066805013588048e+19
4.0662758402726494e+19
4.0657529435765055e+19
4.065236222643166e+19
4.064725578666104e+19
4.064220914838295e+19
4.063722136303252e+19
4.0632291501074506e+19
4.062741865154139e+19
4.062260192158455e+19
4.061784043603811e+19
4.0613133336995185e+19
4.060847978339602e+19
4.060387895062765e+19
4.059933003013479e+19
4.059483222904146e+19
4.059038476978311e+19
4.0585986889748914e+19
4.058163784093368e+19
4.057733688959962e+19
4.057308331594695e+19
4.0568876413793616e+19
4.056471549026368e+19
4.0560599865484e+19
4.055652887228894e+19
4.0552501855933145e+19
4.054851817381182e+19
4.054457719518839e+19
4.054067830092937e+19
4.0536820883246236e+19
4.053300434544386e+19
4.0529228101675704e+19
4.05254915767052e+19
4.052179420567338e+19
4.051813543387241e+19
4.0514514716524995e+19
4.051093151856932e+19
4.050738531444953e+19
4.0503875587911524e+19
4.0500401831803765e+19
4.049696354788329e+19
4.049356024662644e+19
4.049019144704428e+19
4.048685667650274e+19
4.048355547054712e+19
4.048028737273084e+19
4.0477051934448615e+19
4.047384871477344e+19
4.0470677280297796e+19
4.046753720497853e+19
4.046442806998558e+19
4.0461349463554335e+19
4.0458300980841505e+19
4.045528222378449e+19
4.04522928009641e+19
4.0449332327470375e+19
4.04464004247719e+19
4.044349672058794e+19
4.04406208487636e+19
4.043777244914806e+19
4.043495116747553e+19
4.043215665524901e+19
4.042938856962671e+19
4.04266465733111e+19
4.0423930334440645e+19
4.042123952648376e+19
4.041857382813545e+19
4.0415932923216134e+19
4.041331650057286e+19
4.0410724253982654e+19
4.040815588205817e+19
4.040561108815539e+19
4.040308958028339e+19
4.040059107101608e+19
4.039811527740605e+19
4.039566192090016e+19
4.039323072725705e+19
4.03908214264666e+19
4.038843375267087e+19
4.038606744408706e+19
4.0383722242931974e+19
4.038139789534814e+19
4.037909415133168e+19
4.037681076466148e+19
4.037454749283017e+19
4.037230409697629e+19
4.03700803418182e+19
4.036787599558916e+19
4.036569082997386e+19
4.036352462004645e+19
4.036137714420956e+19
4.035924818413498e+19
4.0357137524705255e+19
4.035504495395663e+19
4.035297026302329e+19
4.035091324608259e+19
4.034887370030146e+19
4.0346851425784046e+19
4.034484622552018e+19
4.034285790533519e+19
4.034088627384052e+19
4.033893114238545e+19
4.0336992325009785e+19
4.033506963839752e+19
4.033316290183138e+19
4.0331271937148355e+19
4.032939656869609e+19
4.032753662329006e+19
4.032569193017183e+19
4.032386232096791e+19
4.032204762964956e+19
4.032024769249328e+19
4.0318462348042265e+19
4.031669143706835e+19
4.0314934802535014e+19
4.031319228956083e+19
4.031146374538378e+19
4.030974901932621e+19
4.030804796276055e+19
4.0306360429075505e+19
4.030468627364314e+19
4.030302535378639e+19
4.030137752874732e+19
4.0299742659655926e+19
4.029812060949958e+19
4.029651124309303e+19
4.029491442704892e+19
4.029333002974896e+19
4.0291757921315594e+19
4.029019797358413e+19
4.028865006007557e+19
4.028711405596975e+19
4.028558983807906e+19
4.028407728482278e+19
4.02825762762016e+19
4.0281086693772935e+19
4.027960842062639e+19
4.027814134135998e+19
4.0276685342056505e+19
4.027524031026056e+19
4.027380613495586e+19
4.027238270654298e+19
4.027096991681756e+19
4.0269567658948846e+19
4.026817582745863e+19
4.026679431820059e+19
4.026542302833992e+19
4.026406185633355e+19
4.026271070191041e+19
4.026136946605217e+19
4.0260038050974515e+19
4.025871636010835e+19
4.02574042980818e+19
4.025610177070208e+19
4.025480868493804e+19
4.025352494890284e+19
4.025225047183693e+19
4.025098516409136e+19
4.024972893711137e+19
4.024848170342028e+19
4.024724337660367e+19
4.024601387129373e+19
4.0244793103154045e+19
4.024358098886454e+19
4.0242377446106595e+19
4.024118239354866e+19
4.023999575083187e+19
4.0238817438556045e+19
4.023764737826584e+19
4.023648549243722e+19
4.023533170446416e+19
4.023418593864536e+19
4.023304812017154e+19
4.023191817511258e+19
4.023079603040519e+19
4.022968161384058e+19
4.0228574854052405e+19
4.022747568050485e+19
4.022638402348107e+19
4.022529981407164e+19
4.022422298416327e+19
4.022315346642776e+19
4.022209119431099e+19
4.022103610202227e+19
4.0219988124523676e+19
4.021894719751972e+19
4.0217913257447145e+19
4.021688624146479e+19
4.021586608744373e+19
4.0214852733957505e+19
4.021384612027258e+19
4.021284618633886e+19
4.021185287278051e+19
4.0210866120886665e+19
4.020988587260254e+19
4.020891207052056e+19
4.020794465787166e+19
4.020698357851674e+19
4.020602877693818e+19
4.020508019823155e+19
4.020413778809747e+19
4.0203201492833485e+19
4.020227125932627e+19
4.020134703504371e+19
4.020042876802728e+19
4.019951640688448e+19
4.019860990078146e+19
4.019770919943556e+19
4.019681425310818e+19
4.0195925012597694e+19
4.0195041429232394e+19
4.0194163454863655e+19
4.019329104185912e+19
4.0192424143096046e+19
4.0191562711954694e+19
4.019070670231189e+19
4.018985606853459e+19
4.018901076547368e+19
4.018817074845766e+19
4.018733597328666e+19
4.01865063962264e+19
4.018568197400224e+19
4.018486266379336e+19
4.018404842322709e+19
4.018323921037312e+19
4.018243498373807e+19
4.018163570225989e+19
4.01808413253025e+19
4.0180051812650435e+19
4.0179267124503626e+19
4.017848722147215e+19
4.017771206457128e+19
4.017694161521624e+19
4.017617583521746e+19
4.017541468677558e+19
4.0174658132476666e+19
4.017390613528745e+19
4.01731586585507e+19
4.01724156659806e+19
4.017167712165816e+19
4.017094299002679e+19
4.017021323588793e+19
4.01694878243966e+19
4.016876672105716e+19
4.016804989171914e+19
4.016733730257299e+19
4.0166628920146e+19
4.0165924711298286e+19
4.016522464321877e+19
4.016452868342122e+19
4.016383679974045e+19
4.0163148960328385e+19
4.016246513365039e+19
4.016178528848142e+19
4.016110939390255e+19
4.016043741929715e+19
4.015976933434749e+19
4.01591051090311e+19
4.015844471361729e+19
4.015778811866389e+19
4.0157135295013675e+19
4.015648621379119e+19
4.015584084639935e+19
4.015519916451629e+19
4.015456114009214e+19
4.015392674534587e+19
4.015329595276214e+19
4.015266873508833e+19
4.015204506533142e+19
4.015142491675508e+19
4.015080826287668e+19
4.0150195077464424e+19
4.0149585334534414e+19
4.014897900834792e+19
4.01483760734085e+19
4.014777650445935e+19
4.014718027648046e+19
4.0146587364686004e+19
4.014599774452175e+19
4.014541139166237e+19
4.014482828200887e+19
4.014424839168613e+19
4.014367169704025e+19
4.014309817463626e+19
4.0142527801255535e+19
4.014196055389342e+19
4.014139640975685e+19
4.014083534626209e+19
4.014027734103226e+19
4.013972237189517e+19
4.013917041688103e+19
4.013862145422026e+19
4.013807546234116e+19
4.013753241986784e+19
4.013699230561807e+19
4.013645509860121e+19
4.0135920778016014e+19
4.013538932324865e+19
4.013486071387058e+19
4.013433492963668e+19
4.013381195048314e+19
4.013329175652553e+19
4.0132774328056906e+19
4.013225964554587e+19
4.0131747689634726e+19
4.01312384411375e+19
4.013073188103827e+19
4.013022799048915e+19
4.012972675080872e+19
4.012922814348008e+19
4.0128732150149186e+19
4.01282387526231e+19
4.01277479328683e+19
4.012725967300895e+19
4.012677395532531e+19
4.012629076225203e+19
4.012581007637652e+19
4.012533188043741e+19
4.0124856157322945e+19
4.012438289006939e+19
4.012391206185948e+19
4.012344365602097e+19
4.012297765602503e+19
4.012251404548485e+19
4.012205280815408e+19
4.012159392792546e+19
4.012113738882927e+19
4.0120683175032095e+19
4.012023127083523e+19
4.0119781660673425e+19
4.011933432911346e+19
4.01188892608528e+19
4.01184464407183e+19
4.011800585366482e+19
4.0117567484773966e+19
4.011713131925279e+19
4.011669734243255e+19
4.011626553976742e+19
4.011583589683322e+19
4.011540839932621e+19
4.011498303306196e+19
4.011455978397401e+19
4.011413863811279e+19
4.011371958164444e+19
4.011330260084954e+19
4.011288768212214e+19
4.011247481196848e+19
4.011206397700597e+19
4.011165516396208e+19
4.011124835967315e+19
4.011084355108347e+19
4.0110440725244035e+19
4.011003986931168e+19
4.010964097054788e+19
4.0109244016317776e+19
4.0108848994089206e+19
4.010845589143161e+19
4.010806469601516e+19
4.010767539560961e+19
4.010728797808348e+19
4.010690243140299e+19
4.01065187436312e+19
4.010613690292702e+19
4.010575689754419e+19
4.0105378715830575e+19
4.01050023462271e+19
4.010462777726684e+19
4.010425499757424e+19
4.010388399586417e+19
4.010351476094109e+19
4.010314728169815e+19
4.010278154711637e+19
4.01024175462638e+19
4.010205526829467e+19
4.010169470244863e+19
4.010133583804987e+19
4.010097866450636e+19
4.0100623171309036e+19
4.010026934803105e+19
4.0099917184326935e+19
4.009956666993187e+19
4.009921779466099e+19
4.009887054840849e+19
4.009852492114701e+19
4.009818090292684e+19
4.00978384838752e+19
4.009749765419556e+19
4.0097158404166935e+19
4.009682072414306e+19
4.009648460455185e+19
4.0096150035894624e+19
4.009581700874551e+19
4.0095485513750634e+19
4.009515554162759e+19
4.009482708316472e+19
4.009450012922047e+19
4.009417467072271e+19
4.009385069866818e+19
4.009352820412184e+19
4.009320717821619e+19
4.0092887612150686e+19
4.009256949719111e+19
4.0092252824669045e+19
4.0091937585981194e+19
4.009162377258882e+19
4.0091311376017146e+19
4.009100038785482e+19
4.009069079975328e+19
4.009038260342624e+19
4.009007579064912e+19
4.008977035325846e+19
4.0089466283151426e+19
4.00891635722852e+19
4.008886221267652e+19
4.008856219640107e+19
4.008826351559302e+19
4.008796616244449e+19
4.0087670129205e+19
4.008737540818098e+19
4.008708199173531e+19
4.008678987228675e+19
4.008649904230948e+19
4.008620949433262e+19
4.008592122093974e+19
4.008563421476839e+19
4.008534846850956e+19
4.008506397490736e+19
4.008478072675837e+19
4.0084498716911305e+19
4.0084217938266554e+19
4.008393838377569e+19
4.008366004644101e+19
4.0083382919315186e+19
4.0083106995500696e+19
4.00828322681495e+19
4.0082558730462585e+19
4.008228637568951e+19
4.008201519712801e+19
4.008174518812359e+19
4.008147634206913e+19
4.008120865240436e+19
4.008094211261567e+19
4.008067671623553e+19
4.008041245684218e+19
4.008014932805919e+19
4.007988732355513e+19
4.007962643704313e+19
4.007936666228057e+19
4.007910799306866e+19
4.0078850423252025e+19
4.007859394671844e+19
4.0078338557398426e+19
4.007808424926481e+19
4.0077831016332485e+19
4.007757885265799e+19
4.00773277523392e+19
4.007707770951493e+19
4.0076828718364615e+19
4.007658077310802e+19
4.0076333868004794e+19
4.007608799735425e+19
4.007584315549498e+19
4.007559933680446e+19
4.007535653569892e+19
4.007511474663285e+19
4.007487396409871e+19
4.007463418262669e+19
4.007439539678434e+19
4.007415760117624e+19
4.007392079044378e+19
4.0073684959264784e+19
4.007345010235324e+19
4.0073216214459015e+19
4.00729832903675e+19
4.007275132489939e+19
4.007252031291039e+19
4.007229024929085e+19
4.007206112896564e+19
4.007183294689367e+19
4.007160569806778e+19
4.007137937751441e+19
4.007115398029328e+19
4.0070929501497156e+19
4.0070705936251625e+19
4.0070483279714755e+19
4.0070261527076905e+19
4.007004067356042e+19
4.006982071441939e+19
4.006960164493938e+19
4.006938346043721e+19
4.006916615626067e+19
4.006894972778831e+19
4.006873417042912e+19
4.0068519479622435e+19
4.0068305650837496e+19
4.006809267957339e+19
4.00678805613587e+19
4.006766929175134e+19
4.006745886633826e+19
4.006724928073529e+19
4.0067040530586845e+19
4.006683261156577e+19
4.0066625519373e+19
4.00664192497375e+19
4.006621379841589e+19
4.006600916119233e+19
4.006580533387829e+19
4.0065602312312275e+19
4.006540009235968e+19
4.0065198669912605e+19
4.0064998040889524e+19
4.00647982012352e+19
4.006459914692042e+19
4.0064400873941836e+19
4.0064203378321736e+19
4.006400665610782e+19
4.0063810703373074e+19
4.006361551621553e+19
4.006342109075806e+19
4.006322742314818e+19
4.006303450955797e+19
4.0062842346183705e+19
4.006265092924583e+19
4.006246025498868e+19
4.006227031968034e+19
4.006208111961246e+19
4.006189265110004e+19
4.00617049104813e+19
4.006151789411752e+19
4.006133159839273e+19
4.006114601971374e+19
4.006096115450978e+19
4.0060776999232496e+19
4.006059355035563e+19
4.006041080437496e+19
4.006022875780809e+19
4.006004740719428e+19
4.005986674909431e+19
4.005968678009032e+19
4.005950749678559e+19
4.0059328895804465e+19
4.005915097379215e+19
4.005897372741455e+19
4.005879715335817e+19
4.005862124832985e+19
4.005844600905675e+19
4.005827143228611e+19
4.005809751478514e+19
4.005792425334083e+19
4.005775164475984e+19
4.00575796858684e+19
4.0057408373511995e+19
4.005723770455547e+19
4.0057067675882684e+19
4.005689828439644e+19
4.005672952701837e+19
4.0056561400688796e+19
4.005639390236651e+19
4.005622702902879e+19
4.005606077767113e+19
4.005589514530714e+19
4.005573012896847e+19
4.00555657257046e+19
4.005540193258278e+19
4.005523874668785e+19
4.005507616512214e+19
4.005491418500531e+19
4.005475280347431e+19
4.005459201768313e+19
4.005443182480281e+19
4.005427222202119e+19
4.005411320654287e+19
4.005395477558907e+19
4.00537969263975e+19
4.005363965622229e+19
4.005348296233378e+19
4.0053326842018505e+19
4.005317129257897e+19
4.0053016311333675e+19
4.005286189561688e+19
4.0052708042778526e+19
4.0052554750184186e+19
4.0052402015214854e+19
4.0052249835266875e+19
4.005209820775192e+19
4.005194713009675e+19
4.005179659974314e+19
4.0051646614147826e+19
4.005149717078239e+19
4.00513482671331e+19
4.005119990070087e+19
4.005105206900108e+19
4.005090476956362e+19
4.005075799993256e+19
4.0050611757666296e+19
4.0050466040337285e+19
4.005032084553201e+19
4.005017617085088e+19
4.00500320139081e+19
4.004988837233161e+19
4.004974524376299e+19
4.004960262585735e+19
4.004946051628322e+19
4.004931891272251e+19
4.004917781287035e+19
4.004903721443508e+19
4.004889711513807e+19
4.004875751271368e+19
4.00486184049092e+19
4.004847978948466e+19
4.004834166421289e+19
4.004820402687927e+19
4.004806687528178e+19
4.004793020723081e+19
4.004779402054916e+19
4.00476583130719e+19
4.004752308264634e+19
4.004738832713186e+19
4.00472540443999e+19
4.004712023233386e+19
4.004698688882901e+19
4.004685401179243e+19
4.00467215991429e+19
4.004658964881084e+19
4.0046458158738235e+19
4.004632712687855e+19
4.004619655119666e+19
4.0046066429668745e+19
4.004593676028224e+19
4.004580754103577e+19
4.004567876993904e+19
4.00455504450128e+19
4.004542256428874e+19
4.004529512580943e+19
4.004516812762822e+19
4.004504156780926e+19
4.00449154444273e+19
4.004478975556772e+19
4.004466449932635e+19
4.004453967380959e+19
4.0044415277134135e+19
4.0044291307427004e+19
4.004416776282547e+19
4.0044044641476985e+19
4.004392194153912e+19
4.004379966117947e+19
4.004367779857566e+19
4.004355635191513e+19
4.004343531939524e+19
4.0043314699223106e+19
4.0043194489615565e+19
4.004307468879913e+19
4.004295529500989e+19
4.004283630649344e+19
4.004271772150485e+19
4.004259953830865e+19
4.0042481755178656e+19
4.004236437039796e+19
4.00422473822589e+19
4.0042130789062975e+19
4.004201458912078e+19
4.004189878075196e+19
4.004178336228517e+19
4.004166833205794e+19
4.004155368841671e+19
4.0041439429716705e+19
4.0041325554321924e+19
4.0041212060605055e+19
4.004109894694745e+19
4.004098621173906e+19
4.0040873853378314e+19
4.004076187027215e+19
4.004065026083596e+19
4.004053902349346e+19
4.0040428156676735e+19
4.0040317658826056e+19
4.004020752838998e+19
4.004009776382518e+19
4.003998836359647e+19
4.003987932617669e+19
4.003977065004671e+19
4.003966233369532e+19
4.003955437561928e+19
4.003944677432312e+19
4.003933952831925e+19
4.003923263612776e+19
4.0039126096276505e+19
4.003901990730099e+19
4.0038914067744326e+19
4.003880857615715e+19
4.003870343109763e+19
4.0038598631131455e+19
4.00384941748317e+19
4.003839006077877e+19
4.003828628756047e+19
4.0038182853771846e+19
4.003807975801519e+19
4.00379769989e+19
4.003787457504288e+19
4.00377724850676e+19
4.003767072760495e+19
4.003756930129272e+19
4.003746820477573e+19
4.0037367436705645e+19
4.003726699574107e+19
4.003716688054746e+19
4.0037067089797054e+19
4.003696762216888e+19
4.003686847634862e+19
4.003676965102868e+19
4.003667114490809e+19
4.00365729566925e+19
4.003647508509404e+19
4.0036377528831476e+19
4.003628028662992e+19
4.003618335722101e+19
4.003608673934274e+19
4.003599043173943e+19
4.0035894433161806e+19
4.003579874236677e+19
4.003570335811758e+19
4.0035608279183606e+19
4.00355135043404e+19
4.003541903236968e+19
4.003532486205919e+19
4.0035230992202826e+19
4.0035137421600416e+19
4.003504414905782e+19
4.00349511733868e+19
4.003485849340509e+19
4.003476610793624e+19
4.003467401580967e+19
4.003458221586056e+19
4.003449070692992e+19
4.003439948786449e+19
4.003430855751667e+19
4.003421791474454e+19
4.003412755841182e+19
4.003403748738787e+19
4.003394770054753e+19
4.0033858196771226e+19
4.003376897494487e+19
4.0033680033959846e+19
4.003359137271299e+19
4.0033502990106526e+19
4.003341488504803e+19
4.003332705645042e+19
4.003323950323195e+19
4.003315222431616e+19
4.0033065218631795e+19
4.00329784851128e+19
4.003289202269835e+19
4.003280583033274e+19
4.003271990696544e+19
4.0032634251550925e+19
4.0032548863048794e+19
4.003246374042368e+19
4.003237888264522e+19
4.003229428868798e+19
4.00322099575315e+19
4.003212588816026e+19
4.0032042079563596e+19
4.003195853073572e+19
4.003187524067564e+19
4.0031792208387236e+19
4.00317094328791e+19
4.00316269131646e+19
4.0031544648261796e+19
4.0031462637193495e+19
4.003138087898715e+19
4.003129937267481e+19
4.0031218117293154e+19
4.003113711188348e+19
4.0031056355491635e+19
4.003097584716797e+19
4.003089558596737e+19
4.003081557094917e+19
4.00307358011772e+19
4.00306562757197e+19
4.003057699364932e+19
4.003049795404306e+19
4.0030419155982295e+19
4.003034059855277e+19
4.003026228084446e+19
4.003018420195167e+19
4.0030106360972984e+19
4.0030028757011096e+19
4.0029951389173055e+19
4.002987425657005e+19
4.002979735831735e+19
4.002972069353445e+19
4.002964426134491e+19
4.002956806087644e+19
4.0029492091260764e+19
4.0029416351633646e+19
4.002934084113488e+19
4.002926555890829e+19
4.002919050410165e+19
4.002911567586665e+19
4.0029041073359e+19
4.002896669573824e+19
4.002889254216785e+19
4.002881861181513e+19
4.002874490385125e+19
4.00286714174512e+19
4.002859815179379e+19
4.002852510606156e+19
4.002845227944086e+19
4.002837967112176e+19
4.002830728029802e+19
4.0028235106167144e+19
4.002816314793029e+19
4.002809140479228e+19
4.002801987596154e+19
4.002794856065013e+19
4.002787745807375e+19
4.00278065674516e+19
4.0027735888006504e+19
4.002766541896481e+19
4.002759515955629e+19
4.002752510901433e+19
4.002745526657577e+19
4.002738563148088e+19
4.002731620297336e+19
4.002724698030037e+19
4.0027177962712465e+19
4.002710914946352e+19
4.0027040539810914e+19
4.002697213301524e+19
4.002690392834049e+19
4.002683592505396e+19
4.002676812242619e+19
4.002670051973105e+19
4.002663311624567e+19
4.0026565911250354e+19
4.002649890402872e+19
4.002643209386749e+19
4.002636548005666e+19
4.002629906188935e+19
4.002623283866188e+19
4.002616680967363e+19
4.002610097422713e+19
4.002603533162804e+19
4.002596988118511e+19
4.002590462221011e+19
4.002583955401791e+19
4.002577467592637e+19
4.0025709987256386e+19
4.00256454873319e+19
4.002558117547981e+19
4.002551705102993e+19
4.002545311331513e+19
4.002538936167116e+19
4.002532579543672e+19
4.0025262413953384e+19
4.002519921656564e+19
4.002513620262085e+19
4.0025073371469275e+19
4.002501072246396e+19
4.00249482549608e+19
4.002488596831857e+19
4.002482386189879e+19
4.0024761935065735e+19
4.0024700187186495e+19
4.002463861763095e+19
4.00245772257717e+19
4.002451601098401e+19
4.0024454972645966e+19
4.002439411013826e+19
4.002433342284435e+19
4.002427291015028e+19
4.002421257144483e+19
4.002415240611938e+19
4.0024092413568e+19
4.002403259318729e+19
4.0023972944376504e+19
4.002391346653747e+19
4.002385415907461e+19
4.0023795021394895e+19
4.002373605290787e+19
4.002367725302553e+19
4.00236186211625e+19
4.002356015673587e+19
4.002350185916523e+19
4.002344372787264e+19
4.002338576228264e+19
4.002332796182223e+19
4.002327032592085e+19
4.00232128540104e+19
4.002315554552513e+19
4.0023098399901794e+19
4.002304141657948e+19
4.002298459499965e+19
4.002292793460619e+19
4.002287143484528e+19
4.002281509516552e+19
4.002275891501776e+19
4.002270289385523e+19
4.0022647031133454e+19
4.002259132631027e+19
4.0022535778845794e+19
4.00224803882024e+19
4.0022425153844716e+19
4.00223700752397e+19
4.002231515185647e+19
4.002226038316637e+19
4.002220576864303e+19
4.002215130776226e+19
4.0022097000002e+19
4.002204284484248e+19
4.002198884176603e+19
4.002193499025714e+19
4.002188128980252e+19
4.002182773989096e+19
4.002177434001337e+19
4.002172108966282e+19
4.002166798833448e+19
4.002161503552562e+19
4.002156223073556e+19
4.002150957346576e+19
4.002145706321969e+19
4.0021404699502895e+19
4.002135248182297e+19
4.002130040968953e+19
4.0021248482614256e+19
4.0021196700110815e+19
4.002114506169486e+19
4.002109356688406e+19
4.002104221519809e+19
4.002099100615857e+19
4.002093993928908e+19
4.002088901411517e+19
4.002083823016433e+19
4.002078758696601e+19
4.002073708405159e+19
4.002068672095429e+19
4.0020636497209336e+19
4.002058641235379e+19
4.002053646592664e+19
4.002048665746872e+19
4.002043698652274e+19
4.0020387452633285e+19
4.00203380553468e+19
4.002028879421157e+19
4.0020239668777705e+19
4.0020190678597116e+19
4.0020141823223546e+19
4.0020093102212555e+19
4.002004451512153e+19
4.001999606150956e+19
4.00199477409376e+19
4.001989955296836e+19
4.001985149716627e+19
4.001980357309758e+19
4.001975578033021e+19
4.001970811843386e+19
4.0019660586979975e+19
4.001961318554169e+19
4.001956591369387e+19
4.0019518771013075e+19
4.001947175707756e+19
4.001942487146728e+19
4.001937811376382e+19
4.001933148355051e+19
4.00192849804123e+19
4.001923860393582e+19
4.00191923537093e+19
4.001914622932266e+19
4.001910023036743e+19
4.001905435643674e+19
4.001900860712539e+19
4.001896298202975e+19
4.001891748074775e+19
4.001887210287902e+19
4.00188268480247e+19
4.0018781715787506e+19
4.001873670577176e+19
4.001869181758332e+19
4.001864705082958e+19
4.0018602405119525e+19
4.0018557880063664e+19
4.001851347527403e+19
4.00184691903642e+19
4.001842502494923e+19
4.0018380978645705e+19
4.001833705107176e+19
4.001829324184694e+19
4.001824955059236e+19
4.0018205976930574e+19
4.00181625204856e+19
4.001811918088298e+19
4.001807595774965e+19
4.0018032850714075e+19
4.001798985940608e+19
4.0017946983457006e+19
4.0017904222499594e+19
4.001786157616802e+19
4.001781904409788e+19
4.001777662592616e+19
4.001773432129129e+19
4.0017692129833075e+19
4.001765005119274e+19
4.0017608085012865e+19
4.001756623093743e+19
4.00175244886118e+19
4.0017482857682715e+19
4.001744133779821e+19
4.001739992860776e+19
4.001735862976213e+19
4.001731744091347e+19
4.001727636171524e+19
4.0017235391822225e+19
4.001719453089058e+19
4.001715377857773e+19
4.001711313454239e+19
4.001707259844469e+19
4.001703216994591e+19
4.001699184870874e+19
4.0016951634397135e+19
4.001691152667631e+19
4.001687152521275e+19
4.001683162967422e+19
4.001679183972977e+19
4.001675215504967e+19
4.001671257530547e+19
4.0016673100169994e+19
4.001663372931723e+19
4.0016594462422475e+19
4.00165552991622e+19
4.001651623921416e+19
4.0016477282257265e+19
4.00164384279717e+19
4.001639967603878e+19
4.0016361026141135e+19
4.001632247796244e+19
4.00162840311877e+19
4.001624568550305e+19
4.00162074405958e+19
4.001616929615444e+19
4.001613125186865e+19
4.001609330742924e+19
4.001605546252816e+19
4.00160177168586e+19
4.001598007011484e+19
4.0015942521992315e+19
4.001590507218757e+19
4.001586772039832e+19
4.001583046632339e+19
4.001579330966274e+19
4.00157562501174e+19
4.0015719287389585e+19
4.001568242118264e+19
4.001564565120084e+19
4.001560897714978e+19
4.0015572398736e+19
4.0015535915667186e+19
4.001549952765208e+19
4.001546323440052e+19
4.001542703562342e+19
4.001539093103275e+19
4.0015354920341545e+19
4.001531900326393e+19
4.001528317951501e+19
4.0015247448811045e+19
4.001521181086924e+19
4.001517626540791e+19
4.001514081214636e+19
4.001510545080494e+19
4.001507018110506e+19
4.001503500276909e+19
4.001499991552045e+19
4.0014964919083614e+19
4.001493001318399e+19
4.001489519754805e+19
4.001486047190326e+19
4.001482583597799e+19
4.001479128950171e+19
4.0014756832204866e+19
4.001472246381882e+19
4.001468818407596e+19
4.0014653992709644e+19
4.001461988945419e+19
4.0014585874044895e+19
4.0014551946218004e+19
4.001451810571071e+19
4.001448435226118e+19
4.001445068560851e+19
4.001441710549275e+19
4.001438361165488e+19
4.001435020383683e+19
4.001431688178148e+19
4.0014283645232595e+19
4.0014250493934854e+19
4.001421742763392e+19
4.001418444607634e+19
4.001415154900955e+19
4.00141187361819e+19
4.001408600734265e+19
4.0014053362241995e+19
4.0014020800631e+19
4.001398832226158e+19
4.001395592688661e+19
4.001392361425981e+19
4.001389138413576e+19
4.001385923626996e+19
4.001382717041877e+19
4.001379518633941e+19
4.001376328378996e+19
4.001373146252941e+19
4.001369972231753e+19
4.001366806291499e+19
4.001363648408331e+19
4.001360498558486e+19
4.001357356718284e+19
4.0013542228641276e+19
4.001351096972508e+19
4.001347979019996e+19
4.001344868983245e+19
4.001341766838994e+19
4.001338672564058e+19
4.001335586135339e+19
4.0013325075298206e+19
4.0013294367245664e+19
4.001326373696719e+19
4.0013233184235045e+19
4.001320270882226e+19
4.001317231050269e+19
4.0013141989051e+19
4.001311174424258e+19
4.001308157585371e+19
4.0013051483661345e+19
4.00130214674433e+19
4.001299152697811e+19
4.0012961662045135e+19
4.001293187242448e+19
4.001290215789702e+19
4.001287251824439e+19
4.0012842953249e+19
4.0012813462693994e+19
4.001278404636331e+19
4.001275470404164e+19
4.001272543551435e+19
4.0012696240567615e+19
4.001266711898835e+19
4.00126380705642e+19
4.001260909508356e+19
4.001258019233554e+19
4.001255136210998e+19
4.001252260419743e+19
4.001249391838919e+19
4.001246530447733e+19
4.0012436762254524e+19
4.001240829151426e+19
4.001237989205068e+19
4.001235156365868e+19
4.001232330613381e+19
4.0012295119272346e+19
4.001226700287131e+19
4.001223895672836e+19
4.0012210980641866e+19
4.00121830744109e+19
4.001215523783522e+19
4.001212747071525e+19
4.001209977285214e+19
4.001207214404765e+19
4.0012044584104305e+19
4.001201709282525e+19
4.001198967001432e+19
4.001196231547599e+19
4.0011935029015446e+19
4.00119078104385e+19
4.001188065955166e+19
4.001185357616206e+19
4.001182656007752e+19
4.001179961110649e+19
4.001177272905806e+19
4.001174591374199e+19
4.00117191649687e+19
4.001169248254922e+19
4.0011665866295206e+19
4.001163931601902e+19
4.001161283153359e+19
4.001158641265249e+19
4.001156005918994e+19
4.001153377096078e+19
4.001150754778048e+19
4.001148138946514e+19
4.001145529583145e+19
4.0011429266696765e+19
4.001140330187899e+19
4.0011377401196675e+19
4.001135156446899e+19
4.0011325791515705e+19
4.001130008215717e+19
4.001127443621439e+19
4.001124885350889e+19
4.0011223333862875e+19
4.0011197877099086e+19
4.001117248304089e+19
4.001114715151222e+19
4.001112188233761e+19
4.001109667534219e+19
4.0011071530351665e+19
4.001104644719231e+19
4.001102142569098e+19
4.001099646567509e+19
4.001097156697269e+19
4.001094672941233e+19
4.001092195282316e+19
4.001089723703491e+19
4.001087258187786e+19
4.001084798718283e+19
4.001082345278124e+19
4.001079897850506e+19
4.00107745641868e+19
4.001075020965953e+19
4.001072591475684e+19
4.001070167931291e+19
4.001067750316248e+19
4.001065338614079e+19
4.001062932808364e+19
4.001060532882739e+19
4.001058138820891e+19
4.001055750606562e+19
4.001053368223546e+19
4.001050991655692e+19
4.001048620886904e+19
4.001046255901135e+19
4.001043896682387e+19
4.001041543214722e+19
4.001039195482253e+19
4.001036853469141e+19
4.001034517159602e+19
4.001032186537901e+19
4.001029861588353e+19
4.001027542295332e+19
4.001025228643254e+19
4.001022920616593e+19
4.001020618199866e+19
4.0010183213776445e+19
4.001016030134555e+19
4.001013744455261e+19
4.001011464324489e+19
4.001009189727008e+19
4.001006920647639e+19
4.001004657071247e+19
4.001002398982756e+19
4.001000146367129e+19
4.000997899209384e+19
4.0009956574945845e+19
4.000993421207842e+19
4.0009911903343165e+19
4.000988964859216e+19
4.000986744767797e+19
4.000984530045362e+19
4.00098232067726e+19
4.000980116648891e+19
4.000977917945699e+19
4.000975724553176e+19
4.000973536456857e+19
4.0009713536423305e+19
4.000969176095221e+19
4.000967003801212e+19
4.0009648367460205e+19
4.0009626749154165e+19
4.000960518295214e+19
4.0009583668712735e+19
4.000956220629494e+19
4.0009540795558306e+19
4.000951943636271e+19
4.00094981285686e+19
4.0009476872036745e+19
4.000945566662845e+19
4.000943451220543e+19
4.000941340862983e+19
4.000939235576424e+19
4.00093713534717e+19
4.000935040161567e+19
4.000932950006004e+19
4.000930864866914e+19
4.000928784730772e+19
4.0009267095841e+19
4.000924639413456e+19
4.000922574205442e+19
4.0009205139467076e+19
4.00091845862394e+19
4.000916408223869e+19
4.000914362733266e+19
4.0009123221389435e+19
4.000910286427759e+19
4.0009082555866096e+19
4.00090622960243e+19
4.000904208462205e+19
4.000902192152947e+19
4.0009001806617215e+19
4.000898173975628e+19
4.000896172081809e+19
4.000894174967444e+19
4.000892182619759e+19
4.000890195026013e+19
4.000888212173509e+19
4.000886234049587e+19
4.000884260641631e+19
4.00088229193706e+19
4.0008803279233335e+19
4.000878368587953e+19
4.000876413918454e+19
4.000874463902412e+19
4.0008725185274446e+19
4.000870577781207e+19
4.000868641651389e+19
4.000866710125722e+19
4.000864783191975e+19
4.0008628608379535e+19
4.000860943051502e+19
4.000859029820508e+19
4.000857121132885e+19
4.0008552169765904e+19
4.000853317339624e+19
4.000851422210012e+19
4.000849531575824e+19
4.000847645425165e+19
4.00084576374618e+19
4.000843886527044e+19
4.000842013755974e+19
4.000840145421221e+19
4.0008382815110726e+19
4.000836422013852e+19
4.000834566917918e+19
4.00083271621167e+19
4.000830869883536e+19
4.000829027921985e+19
4.000827190315514e+19
4.000825357052664e+19
4.000823528122006e+19
4.000821703512148e+19
4.000819883211732e+19
4.000818067209436e+19
4.000816255493966e+19
4.000814448054076e+19
4.000812644878541e+19
4.000810845956179e+19
4.000809051275835e+19
4.000807260826396e+19
4.000805474596777e+19
4.000803692575931e+19
4.000801914752836e+19
4.0008001411165135e+19
4.000798371656013e+19
4.00079660636042e+19
4.000794845218851e+19
4.0007930882204566e+19
4.0007913353544204e+19
4.000789586609961e+19
4.000787841976323e+19
4.000786101442789e+19
4.000784364998674e+19
4.000782632633324e+19
4.000780904336117e+19
4.0007791800964596e+19
4.000777459903796e+19
4.000775743747603e+19
4.000774031617384e+19
4.000772323502679e+19
4.0007706193930535e+19
4.000768919278111e+19
4.0007672231474815e+19
4.00076553099083e+19
4.000763842797848e+19
4.000762158558261e+19
4.000760478261826e+19
4.000758801898329e+19
4.000757129457586e+19
4.0007554609294475e+19
4.000753796303789e+19
4.000752135570518e+19
4.000750478719573e+19
4.0007488257409245e+19
4.000747176624571e+19
4.00074553136054e+19
4.000743889938891e+19
4.000742252349712e+19
4.000740618583116e+19
4.000738988629254e+19
4.000737362478303e+19
4.0007357401204646e+19
4.000734121545976e+19
4.000732506745101e+19
4.00073089570813e+19
4.000729288425386e+19
4.000727684887218e+19
4.000726085084008e+19
4.000724489006159e+19
4.00072289664411e+19
4.000721307988323e+19
4.000719723029287e+19
4.0007181417575285e+19
4.000716564163592e+19
4.000714990238055e+19
4.000713419971522e+19
4.000711853354623e+19
4.00071029037802e+19
4.000708731032398e+19
4.0007071753084715e+19
4.000705623196984e+19
4.000704074688704e+19
4.000702529774425e+19
4.000700988444972e+19
4.000699450691197e+19
4.000697916503976e+19
4.000696385874213e+19
4.000694858792837e+19
4.000693335250807e+19
4.000691815239106e+19
4.000690298748745e+19
4.000688785770758e+19
4.00068727629621e+19
4.00068577031619e+19
4.000684267821811e+19
4.000682768804213e+19
4.000681273254565e+19
4.000679781164058e+19
4.0006782925239116e+19
4.0006768073253675e+19
4.000675325559695e+19
4.0006738472181916e+19
4.000672372292174e+19
4.000670900772989e+19
4.000669432652008e+19
4.000667967920622e+19
4.000666506570255e+19
4.000665048592352e+19
4.000663593978384e+19
4.000662142719844e+19
4.0006606948082524e+19
4.000659250235152e+19
4.0006578089921135e+19
4.000656371070729e+19
4.0006549364626145e+19
4.000653505159412e+19
4.0006520771527885e+19
4.000650652434432e+19
4.000649230996059e+19
4.000647812829405e+19
4.0006463979262304e+19
4.000644986278322e+19
4.0006435778774884e+19
4.0006421727155585e+19
4.000640770784393e+19
4.000639372075871e+19
4.0006379765818925e+19
4.0006365842943844e+19
4.000635195205294e+19
4.0006338093065945e+19
4.000632426590284e+19
4.000631047048377e+19
4.000629670672916e+19
4.000628297455964e+19
4.000626927389608e+19
4.000625560465957e+19
4.0006241966771446e+19
4.000622836015321e+19
4.000621478472665e+19
4.000620124041375e+19
4.000618772713672e+19
4.000617424481799e+19
4.000616079338024e+19
4.000614737274632e+19
4.000613398283931e+19
4.000612062358254e+19
4.000610729489957e+19
4.000609399671411e+19
4.000608072895013e+19
4.00060674915318e+19
4.000605428438354e+19
4.000604110742997e+19
4.00060279605959e+19
4.000601484380638e+19
4.000600175698663e+19
4.000598870006213e+19
4.000597567295853e+19
4.000596267560178e+19
4.000594970791791e+19
4.000593676983321e+19
4.000592386127424e+19
4.0005910982167675e+19
4.000589813244047e+19
4.000588531201974e+19
4.000587252083282e+19
4.0005859758807245e+19
4.000584702587077e+19
4.000583432195133e+19
4.0005821646977065e+19
4.000580900087638e+19
4.000579638357776e+19
4.000578379501e+19
4.000577123510203e+19
4.0005758703783e+19
4.000574620098231e+19
4.000573372662948e+19
4.0005721280654246e+19
4.000570886298657e+19
4.000569647355657e+19
4.0005684112294584e+19
4.000567177913116e+19
4.000565947399701e+19
4.000564719682308e+19
4.0005634947540435e+19
4.0005622726080406e+19
4.000561053237448e+19
4.000559836635434e+19
4.000558622795189e+19
4.000557411709917e+19
4.000556203372842e+19
4.000554997777211e+19
4.000553794916287e+19
4.000552594783351e+19
4.000551397371704e+19
4.000550202674667e+19
4.000549010685573e+19
4.000547821397782e+19
4.000546634804669e+19
4.000545450899624e+19
4.000544269676061e+19
4.000543091127408e+19
4.000541915247115e+19
4.000540742028644e+19
4.0005395714654814e+19
4.00053840355113e+19
4.000537238279108e+19
4.000536075642954e+19
4.000534915636222e+19
4.000533758252488e+19
4.000532603485344e+19
4.000531451328395e+19
4.000530301775269e+19
4.00052915481961e+19
4.000528010455081e+19
4.0005268686753595e+19
4.000525729474142e+19
4.0005245928451424e+19
4.000523458782091e+19
4.000522327278737e+19
4.000521198328844e+19
4.0005200719261975e+19
4.00051894806459e+19
4.0005178267378475e+19
4.000516707939798e+19
4.000515591664291e+19
4.000514477905196e+19
4.000513366656397e+19
4.000512257911794e+19
4.000511151665303e+19
4.000510047910858e+19
4.000508946642411e+19
4.0005078478539284e+19
4.000506751539392e+19
4.000505657692805e+19
4.00050456630818e+19
4.000503477379552e+19
4.0005023909009695e+19
4.000501306866498e+19
4.000500225270216e+19
4.000499146106222e+19
4.000498069368632e+19
4.0004969950515724e+19
4.00049592314919e+19
4.000494853655645e+19
4.0004937865651134e+19
4.000492721871789e+19
4.000491659569881e+19
4.000490599653611e+19
4.000489542117222e+19
4.000488486954968e+19
4.00048743416112e+19
4.000486383729963e+19
4.000485335655802e+19
4.000484289932951e+19
4.000483246555747e+19
4.0004822055185334e+19
4.000481166815676e+19
4.0004801304415535e+19
4.0004790963905585e+19
4.0004780646571024e+19
4.000477035235606e+19
4.000476008120509e+19
4.000474983306264e+19
4.000473960787343e+19
4.000472940558225e+19
4.000471922613413e+19
4.000470906947415e+19
4.000469893554764e+19
4.000468882430003e+19
4.000467873567685e+19
4.000466866962383e+19
4.000465862608686e+19
4.000464860501191e+19
4.0004638606345175e+19
4.0004628630032925e+19
4.000461867602164e+19
4.000460874425785e+19
4.000459883468831e+19
4.000458894725991e+19
4.0004579081919635e+19
4.000456923861464e+19
4.000455941729226e+19
4.000454961789989e+19
4.000453984038514e+19
4.000453008469568e+19
4.000452035077939e+19
4.0004510638584275e+19
4.000450094805847e+19
4.000449127915022e+19
4.000448163180795e+19
4.0004472005980185e+19
4.0004462401615634e+19
4.0004452818663105e+19
4.000444325707156e+19
4.00044337167901e+19
4.000442419776791e+19
4.00044146999544e+19
4.000440522329904e+19
4.000439576775146e+19
4.000438633326142e+19
4.000437691977882e+19
4.000436752725369e+19
4.000435815563619e+19
4.000434880487659e+19
4.000433947492534e+19
4.0004330165733e+19
4.0004320877250224e+19
4.0004311609427845e+19
4.0004302362216825e+19
4.000429313556823e+19
4.0004283929433235e+19
4.000427474376321e+19
4.0004265578509574e+19
4.000425643362396e+19
4.000424730905805e+19
4.00042382047637e+19
4.0004229120692896e+19
4.000422005679772e+19
4.000421101303038e+19
4.000420198934324e+19
4.000419298568876e+19
4.000418400201954e+19
4.000417503828833e+19
4.000416609444794e+19
4.0004157170451366e+19
4.000414826625166e+19
4.000413938180209e+19
4.000413051705596e+19
4.000412167196677e+19
4.000411284648805e+19
4.000410404057355e+19
4.000409525417708e+19
4.000408648725255e+19
4.000407773975407e+19
4.00040690116358e+19
4.0004060302852055e+19
4.000405161335727e+19
4.000404294310598e+19
4.0004034292052845e+19
4.000402566015266e+19
4.00040170473603e+19
4.0004008453630796e+19
4.0003999878919274e+19
4.000399132318098e+19
4.000398278637131e+19
4.000397426844572e+19
4.000396576935981e+19
4.000395728906928e+19
4.000394882752999e+19
4.000394038469787e+19
4.0003931960528994e+19
4.00039235549795e+19
4.000391516800569e+19
4.000390679956394e+19
4.000389844961079e+19
4.000389011810287e+19
4.000388180499689e+19
4.000387351024972e+19
4.000386523381832e+19
4.000385697565973e+19
4.000384873573117e+19
4.0003840513989894e+19
4.000383231039334e+19
4.000382412489903e+19
4.000381595746457e+19
4.0003807808047686e+19
4.000379967660622e+19
4.000379156309815e+19
4.00037834674815e+19
4.000377538971443e+19
4.0003767329755234e+19
4.00037592875623e+19
4.00037512630941e+19
4.000374325630927e+19
4.000373526716647e+19
4.000372729562454e+19
4.0003719341642334e+19
4.000371140517895e+19
4.0003703486193476e+19
4.0003695584645145e+19
4.000368770049329e+19
4.0003679833697346e+19
4.000367198421687e+19
4.0003664152011506e+19
4.000365633704099e+19
4.000364853926518e+19
4.000364075864403e+19
4.000363299513761e+19
4.000362524870608e+19
4.00036175193097e+19
4.000360980690882e+19
4.000360211146391e+19
4.000359443293556e+19
4.000358677128441e+19
4.000357912647124e+19
4.00035714984569e+19
4.000356388720239e+19
4.000355629266878e+19
4.000354871481722e+19
4.000354115360897e+19
4.000353360900539e+19
4.000352608096795e+19
4.000351856945823e+19
4.000351107443786e+19
4.000350359586859e+19
4.000349613371229e+19
4.0003488687930925e+19
4.000348125848649e+19
4.000347384534117e+19
4.00034664484572e+19
4.000345906779693e+19
4.000345170332274e+19
4.000344435499721e+19
4.000343702278293e+19
4.0003429706642645e+19
4.000342240653912e+19
4.0003415122435285e+19
4.000340785429413e+19
4.000340060207875e+19
4.000339336575233e+19
4.0003386145278165e+19
4.000337894061963e+19
4.000337175174016e+19
4.000336457860333e+19
4.000335742117276e+19
4.00033502794122e+19
4.000334315328551e+19
4.000333604275659e+19
4.0003328947789455e+19
4.000332186834823e+19
4.000331480439708e+19
4.000330775590031e+19
4.000330072282227e+19
4.000329370512746e+19
4.000328670278039e+19
4.000327971574576e+19
4.000327274398824e+19
4.000326578747268e+19
4.000325884616402e+19
4.000325192002718e+19
4.0003245009027334e+19
4.0003238113129595e+19
4.0003231232299246e+19
4.0003224366501626e+19
4.000321751570217e+19
4.000321067986641e+19
4.000320385895994e+19
4.000319705294846e+19
4.000319026179776e+19
4.000318348547368e+19
4.000317672394217e+19
4.00031699771693e+19
4.000316324512116e+19
4.000315652776399e+19
4.000314982506406e+19
4.000314313698772e+19
4.000313646350146e+19
4.00031298045718e+19
4.000312316016538e+19
4.000311653024889e+19
4.000310991478914e+19
4.000310331375302e+19
4.000309672710746e+19
4.000309015481952e+19
4.000308359685629e+19
4.0003077053185e+19
4.000307052377293e+19
4.0003064008587444e+19
4.0003057507595985e+19
4.0003051020766085e+19
4.000304454806535e+19
4.00030380894615e+19
4.0003031644922266e+19
4.00030252144155e+19
4.000301879790917e+19
4.000301239537127e+19
4.000300600676985e+19
4.000299963207313e+19
4.000299327124931e+19
4.0002986924266775e+19
4.000298059109389e+19
4.000297427169914e+19
4.0002967966051066e+19
4.000296167411835e+19
4.000295539586968e+19
4.000294913127388e+19
4.000294288029975e+19
4.000293664291632e+19
4.000293041909256e+19
4.0002924208797606e+19
4.000291801200061e+19
4.000291182867085e+19
4.000290565877763e+19
4.000289950229037e+19
4.000289335917855e+19
4.0002887229411705e+19
4.000288111295949e+19
4.00028750097916e+19
4.000286891987783e+19
4.000286284318802e+19
4.0002856779692106e+19
4.000285072936008e+19
4.000284469216202e+19
4.000283866806809e+19
4.000283265704851e+19
4.000282665907357e+19
4.0002820674113675e+19
4.000281470213923e+19
4.000280874312074e+19
4.000280279702882e+19
4.000279686383412e+19
4.000279094350738e+19
4.000278503601937e+19
4.000277914134101e+19
4.000277325944324e+19
4.000276739029706e+19
4.000276153387359e+19
4.000275569014393e+19
4.0002749859079365e+19
4.000274404065117e+19
4.0002738234830725e+19
4.000273244158946e+19
4.00027266608989e+19
4.000272089273063e+19
4.0002715137056285e+19
4.0002709393847615e+19
4.000270366307637e+19
4.000269794471442e+19
4.00026922387337e+19
4.000268654510618e+19
4.000268086380395e+19
4.000267519479914e+19
4.000266953806393e+19
4.0002663893570626e+19
4.000265826129152e+19
4.0002652641199006e+19
4.00026470332656e+19
4.000264143746381e+19
4.0002635853766255e+19
4.0002630282145595e+19
4.000262472257455e+19
4.000261917502591e+19
4.000261363947259e+19
4.000260811588751e+19
4.000260260424367e+19
4.000259710451413e+19
4.000259161667203e+19
4.000258614069053e+19
4.000258067654293e+19
4.0002575224202535e+19
4.000256978364277e+19
4.000256435483707e+19
4.000255893775896e+19
4.0002553532381995e+19
4.000254813867984e+19
4.000254275662622e+19
4.000253738619491e+19
4.000253202735975e+19
4.000252668009462e+19
4.000252134437349e+19
4.00025160201704e+19
4.000251070745946e+19
4.00025054062148e+19
4.000250011641063e+19
4.000249483802126e+19
4.0002489571021e+19
4.0002484315384275e+19
4.000247907108552e+19
4.000247383809927e+19
4.000246861640011e+19
4.000246340596271e+19
4.0002458206761755e+19
4.000245301877202e+19
4.000244784196835e+19
4.0002442676325655e+19
4.000243752181886e+19
4.000243237842298e+19
4.000242724611308e+19
4.000242212486431e+19
4.000241701465186e+19
4.000241191545098e+19
4.000240682723699e+19
4.000240174998525e+19
4.00023966836712e+19
4.000239162827031e+19
4.000238658375815e+19
4.000238155011033e+19
4.000237652730249e+19
4.000237151531038e+19
4.00023665141098e+19
4.000236152367654e+19
4.0002356543986524e+19
4.000235157501571e+19
4.000234661674011e+19
4.0002341669135794e+19
4.0002336732178874e+19
4.000233180584556e+19
4.00023268901121e+19
4.000232198495477e+19
4.000231709034996e+19
4.0002312206274036e+19
4.0002307332703494e+19
4.000230246961486e+19
4.000229761698472e+19
4.0002292774789685e+19
4.000228794300647e+19
4.0002283121611825e+19
4.000227831058256e+19
4.000227350989554e+19
4.000226871952765e+19
4.000226393945586e+19
4.000225916965723e+19
4.000225441010882e+19
4.000224966078778e+19
4.000224492167128e+19
4.000224019273657e+19
4.000223547396094e+19
4.000223076532176e+19
4.00022260667964e+19
4.000222137836235e+19
4.000221669999711e+19
4.000221203167826e+19
4.000220737338342e+19
4.000220272509023e+19
4.0002198086776455e+19
4.0002193458419876e+19
4.000218883999829e+19
4.000218423148961e+19
4.000217963287176e+19
4.000217504412273e+19
4.000217046522054e+19
4.0002165896143315e+19
4.000216133686921e+19
4.00021567873764e+19
4.000215224764314e+19
4.00021477176477e+19
4.000214319736849e+19
4.000213868678387e+19
4.0002134185872335e+19
4.000212969461235e+19
4.0002125212982485e+19
4.000212074096136e+19
4.000211627852761e+19
4.000211182565998e+19
4.000210738233717e+19
4.000210294853803e+19
4.000209852424143e+19
4.000209410942624e+19
4.000208970407146e+19
4.000208530815606e+19
4.000208092165911e+19
4.000207654455974e+19
4.000207217683707e+19
4.0002067818470334e+19
4.000206346943877e+19
4.000205912972169e+19
4.000205479929846e+19
4.0002050478148444e+19
4.000204616625111e+19
4.0002041863585956e+19
4.000203757013256e+19
4.000203328587048e+19
4.000202901077936e+19
4.000202474483891e+19
4.000202048802886e+19
4.0002016240329e+19
4.000201200171915e+19
4.000200777217918e+19
4.000200355168904e+19
4.000199934022872e+19
4.000199513777821e+19
4.0001990944317596e+19
4.000198675982697e+19
4.000198258428654e+19
4.00019784176765e+19
4.0001974259977085e+19
4.000197011116862e+19
4.000196597123143e+19
4.000196184014594e+19
4.000195771789257e+19
4.0001953604451795e+19
4.000194949980417e+19
4.000194540393028e+19
4.0001941316810736e+19
4.000193723842621e+19
4.000193316875738e+19
4.000192910778503e+19
4.000192505548999e+19
4.000192101185311e+19
4.000191697685523e+19
4.000191295047731e+19
4.0001908932700365e+19
4.0001904923505385e+19
4.000190092287347e+19
4.0001896930785714e+19
4.00018929472233e+19
4.00018889721674e+19
4.000188500559929e+19
4.000188104750026e+19
4.000187709785164e+19
4.0001873156634804e+19
4.0001869223831175e+19
4.000186529942223e+19
4.0001861383389454e+19
4.000185747571442e+19
4.000185357637872e+19
4.000184968536397e+19
4.000184580265188e+19
4.000184192822417e+19
4.00018380620626e+19
4.000183420414898e+19
4.000183035446515e+19
4.000182651299302e+19
4.000182267971451e+19
4.0001818854611616e+19
4.000181503766633e+19
4.000181122886072e+19
4.00018074281769e+19
4.000180363559702e+19
4.000179985110327e+19
4.000179607467786e+19
4.000179230630305e+19
4.000178854596118e+19
4.000178479363456e+19
4.0001781049305604e+19
4.000177731295674e+19
4.000177358457045e+19
4.000176986412924e+19
4.000176615161567e+19
4.000176244701231e+19
4.0001758750301815e+19
4.000175506146687e+19
4.000175138049018e+19
4.000174770735451e+19
4.000174404204264e+19
4.00017403845374e+19
4.000173673482168e+19
4.0001733092878385e+19
4.000172945869049e+19
4.000172583224096e+19
4.000172221351283e+19
4.0001718602489225e+19
4.00017149991532e+19
4.00017114034879e+19
4.000170781547656e+19
4.000170423510237e+19
4.000170066234861e+19
4.0001697097198576e+19
4.000169353963565e+19
4.0001689989643166e+19
4.0001686447204565e+19
4.00016829123033e+19
4.0001679384922866e+19
4.000167586504682e+19
4.000167235265872e+19
4.000166884774217e+19
4.000166535028084e+19
4.000166186025838e+19
4.000165837765856e+19
4.00016549024651e+19
4.0001651434661814e+19
4.000164797423256e+19
4.00016445211612e+19
4.000164107543162e+19
4.000163763702779e+19
4.000163420593368e+19
4.000163078213334e+19
4.000162736561079e+19
4.000162395635017e+19
4.000162055433557e+19
4.000161715955117e+19
4.00016137719812e+19
4.000161039160984e+19
4.000160701842143e+19
4.000160365240024e+19
4.000160029353065e+19
4.000159694179703e+19
4.000159359718382e+19
4.000159025967545e+19
4.0001586929256415e+19
4.000158360591124e+19
4.0001580289624515e+19
4.000157698038081e+19
4.0001573678164754e+19
4.000157038296104e+19
4.000156709475438e+19
4.000156381352947e+19
4.000156053927112e+19
4.000155727196413e+19
4.000155401159334e+19
4.000155075814364e+19
4.000154751159992e+19
4.000154427194715e+19
4.000154103917031e+19
4.000153781325438e+19
4.000153459418448e+19
4.000153138194563e+19
4.000152817652299e+19
4.00015249779017e+19
4.000152178606693e+19
4.000151860100391e+19
4.0001515422697914e+19
4.000151225113422e+19
4.000150908629816e+19
4.000150592817506e+19
4.0001502776750326e+19
4.000149963200938e+19
4.000149649393766e+19
4.000149336252067e+19
4.000149023774394e+19
4.000148711959301e+19
4.000148400805349e+19
4.000148090311097e+19
4.000147780475112e+19
4.0001474712959615e+19
4.000147162772219e+19
4.000146854902456e+19
4.0001465476852556e+19
4.000146241119198e+19
4.000145935202866e+19
4.000145629934851e+19
4.000145325313741e+19
4.000145021338132e+19
4.000144718006622e+19
4.000144415317811e+19
4.000144113270303e+19
4.000143811862706e+19
4.000143511093628e+19
4.000143210961686e+19
4.0001429114654925e+19
4.000142612603671e+19
4.000142314374844e+19
4.000142016777637e+19
4.000141719810679e+19
4.000141423472602e+19
4.000141127762042e+19
4.000140832677636e+19
4.000140538218027e+19
4.000140244381859e+19
4.000139951167783e+19
4.000139658574446e+19
4.000139366600502e+19
4.000139075244608e+19
4.000138784505426e+19
4.000138494381619e+19
4.000138204871851e+19
4.0001379159747895e+19
4.0001376276891116e+19
4.0001373400134885e+19
4.000137052946599e+19
4.000136766487127e+19
4.000136480633754e+19
4.000136195385168e+19
4.000135910740057e+19
4.000135626697115e+19
4.00013534325504e+19
4.000135060412527e+19
4.000134778168281e+19
4.0001344965210055e+19
4.000134215469409e+19
4.0001339350122e+19
4.000133655148093e+19
4.000133375875806e+19
4.000133097194058e+19
4.000132819101569e+19
4.000132541597067e+19
4.000132264679277e+19
4.000131988346933e+19
4.000131712598767e+19
4.0001314374335136e+19
4.000131162849916e+19
4.0001308888467145e+19
4.000130615422654e+19
4.000130342576483e+19
4.000130070306954e+19
4.000129798612816e+19
4.000129527492829e+19
4.000129256945751e+19
4.0001289869703455e+19
4.000128717565377e+19
4.0001284487296115e+19
4.000128180461819e+19
4.000127912760773e+19
4.0001276456252514e+19
4.000127379054031e+19
4.000127113045893e+19
4.000126847599622e+19
4.000126582714004e+19
4.000126318387831e+19
4.000126054619893e+19
4.000125791408985e+19
4.000125528753906e+19
4.000125266653455e+19
4.000125005106437e+19
4.000124744111655e+19
4.0001244836679205e+19
4.000124223774043e+19
4.000123964428838e+19
4.000123705631118e+19
4.0001234473797075e+19
4.000123189673425e+19
4.000122932511095e+19
4.000122675891546e+19
4.0001224198136046e+19
4.000122164276109e+19
4.0001219092778885e+19
4.000121654817783e+19
4.0001214008946336e+19
4.0001211475072795e+19
4.000120894654568e+19
4.000120642335347e+19
4.000120390548467e+19
4.000120139292783e+19
4.0001198885671485e+19
4.000119638370423e+19
4.000119388701464e+19
4.00011913955914e+19
4.000118890942314e+19
4.0001186428498534e+19
4.0001183952806306e+19
4.0001181482335216e+19
4.000117901707401e+19
4.000117655701146e+19
4.000117410213639e+19
4.0001171652437615e+19
4.000116920790401e+19
4.000116676852444e+19
4.000116433428785e+19
4.000116190518315e+19
4.000115948119931e+19
4.0001157062325305e+19
4.000115464855014e+19
4.0001152239862874e+19
4.000114983625255e+19
4.000114743770823e+19
4.000114504421906e+19
4.000114265577415e+19
4.000114027236266e+19
4.000113789397375e+19
4.000113552059664e+19
4.000113315222057e+19
4.000113078883477e+19
4.000112843042852e+19
4.000112607699113e+19
4.000112372851192e+19
4.0001121384980234e+19
4.000111904638544e+19
4.000111671271695e+19
4.000111438396417e+19
4.0001112060116525e+19
4.000110974116351e+19
4.000110742709459e+19
4.0001105117899284e+19
4.000110281356713e+19
4.000110051408772e+19
4.00010982194506e+19
4.000109592964535e+19
4.0001093644661645e+19
4.000109136448911e+19
4.0001089089117454e+19
4.000108681853635e+19
4.000108455273548e+19
4.000108229170467e+19
4.000108003543361e+19
4.000107778391214e+19
4.000107553713005e+19
4.000107329507717e+19
4.000107105774338e+19
4.000106882511855e+19
4.0001066597192565e+19
4.000106437395538e+19
4.0001062155396915e+19
4.000105994150714e+19
4.0001057732276036e+19
4.000105552769363e+19
4.000105332774998e+19
4.000105113243511e+19
4.000104894173912e+19
4.000104675565211e+19
4.0001044574164206e+19
4.0001042397265535e+19
4.000104022494629e+19
4.000103805719665e+19
4.000103589400681e+19
4.000103373536702e+19
4.000103158126754e+19
4.000102943169863e+19
4.0001027286650585e+19
4.0001025146113745e+19
4.000102301007845e+19
4.0001020878535066e+19
4.0001018751473934e+19
4.000101662888549e+19
4.000101451076016e+19
4.000101239708838e+19
4.000101028786063e+19
4.00010081830674e+19
4.000100608269919e+19
4.000100398674655e+19
4.00010018952e+19
4.000099980805013e+19
4.000099772528753e+19
4.000099564690282e+19
4.0000993572886634e+19
4.000099150322966e+19
4.0000989437922525e+19
4.000098737695595e+19
4.000098532032064e+19
4.000098326800735e+19
4.000098122000683e+19
4.000097917630987e+19
4.000097713690726e+19
4.000097510178983e+19
4.00009730709484e+19
4.000097104437386e+19
4.000096902205706e+19
4.00009670039889e+19
4.000096499016033e+19
4.000096298056227e+19
4.00009609751857e+19
4.000095897402159e+19
4.000095697706091e+19
4.000095498429473e+19
4.000095299571407e+19
4.000095101131e+19
4.000094903107359e+19
4.000094705499594e+19
4.000094508306815e+19
4.00009431152814e+19
4.000094115162682e+19
4.00009391920956e+19
4.000093723667892e+19
4.000093528536802e+19
4.000093333815413e+19
4.00009313950285e+19
4.0000929455982395e+19
4.0000927521007124e+19
4.000092559009397e+19
4.000092366323432e+19
4.000092174041948e+19
4.000091982164083e+19
4.000091790688977e+19
4.00009159961577e+19
4.000091408943604e+19
4.000091218671625e+19
4.000091028798979e+19
4.000090839324817e+19
4.000090650248283e+19
4.000090461568534e+19
4.000090273284723e+19
4.000090085396004e+19
4.000089897901537e+19
4.00008971080048e+19
4.000089524091996e+19
4.000089337775245e+19
4.000089151849395e+19
4.0000889663136104e+19
4.000088781167064e+19
4.0000885964089246e+19
4.000088412038361e+19
4.00008822805455e+19
4.000088044456668e+19
4.000087861243893e+19
4.0000876784154034e+19
4.000087495970383e+19
4.000087313908013e+19
4.00008713222748e+19
4.000086950927969e+19
4.000086770008666e+19
4.000086589468767e+19
4.00008640930746e+19
4.000086229523942e+19
4.000086050117404e+19
4.0000858710870475e+19
4.00008569243207e+19
4.000085514151674e+19
4.0000853362450596e+19
4.000085158711432e+19
4.0000849815500005e+19
4.000084804759967e+19
4.000084628340548e+19
4.00008445229095e+19
4.000084276610387e+19
4.000084101298074e+19
4.000083926353229e+19
4.000083751775068e+19
4.000083577562813e+19
4.000083403715684e+19
4.000083230232905e+19
4.0000830571137016e+19
4.0000828843572986e+19
4.000082711962928e+19
4.0000825399298154e+19
4.000082368257197e+19
4.0000821969443045e+19
4.0000820259903726e+19
4.000081855394639e+19
4.000081685156342e+19
4.000081515274721e+19
4.000081345749019e+19
4.00008117657848e+19
4.000081007762345e+19
4.000080839299867e+19
4.000080671190288e+19
4.000080503432863e+19
4.000080336026843e+19
4.000080168971478e+19
4.0000800022660284e+19
4.000079835909748e+19
4.0000796699018945e+19
4.000079504241726e+19
4.0000793389285065e+19
4.0000791739614994e+19
4.000079009339967e+19
4.0000788450631795e+19
4.000078681130402e+19
4.000078517540903e+19
4.000078354293955e+19
4.000078191388831e+19
4.0000780288248046e+19
4.000077866601154e+19
4.000077704717153e+19
4.000077543172083e+19
4.000077381965222e+19
4.0000772210958565e+19
4.0000770605632676e+19
4.000076900366739e+19
4.000076740505561e+19
4.0000765809790165e+19
4.000076421786401e+19
4.000076262927005e+19
4.00007610440012e+19
4.00007594620504e+19
4.0000757883410645e+19
4.0000756308074865e+19
4.000075473603608e+19
4.000075316728727e+19
4.000075160182151e+19
4.000075003963179e+19
4.000074848071117e+19
4.000074692505272e+19
4.000074537264954e+19
4.000074382349471e+19
4.000074227758135e+19
4.000074073490256e+19
4.000073919545153e+19
4.0000737659221385e+19
4.000073612620533e+19
4.00007345963965e+19
4.000073306978812e+19
4.0000731546373415e+19
4.0000730026145645e+19
4.000072850909798e+19
4.000072699522374e+19
4.000072548451617e+19
4.0000723976968585e+19
4.00007224725743e+19
4.000072097132658e+19
4.00007194732188e+19
4.000071797824431e+19
4.0000716486396445e+19
4.000071499766863e+19
4.00007135120542e+19
4.00007120295466e+19
4.000071055013923e+19
4.000070907382555e+19
4.000070760059895e+19
4.000070613045295e+19
4.0000704663381e+19
4.0000703199376605e+19
4.000070173843328e+19
4.0000700280544535e+19
4.000069882570388e+19
4.000069737390487e+19
4.0000695925141094e+19
4.000069447940609e+19
4.0000693036693455e+19
4.000069159699682e+19
4.000069016030978e+19
4.000068872662598e+19
4.000068729593904e+19
4.000068586824266e+19
4.000068444353047e+19
4.000068302179618e+19
4.0000681603033465e+19
4.000068018723606e+19
4.000067877439767e+19
4.000067736451206e+19
4.000067595757298e+19
4.0000674553574195e+19
4.000067315250948e+19
4.0000671754372645e+19
4.000067035915747e+19
4.000066896685781e+19
4.000066757746745e+19
4.0000666190980284e+19
4.000066480739015e+19
4.000066342669094e+19
4.0000662048876536e+19
4.000066067394083e+19
4.000065930187775e+19
4.000065793268121e+19
4.0000656566345155e+19
4.000065520286354e+19
4.000065384223032e+19
4.000065248443949e+19
4.000065112948503e+19
4.000064977736096e+19
4.000064842806129e+19
4.0000647081580044e+19
4.000064573791129e+19
4.000064439704906e+19
4.000064305898744e+19
4.00006417237205e+19
4.000064039124236e+19
4.000063906154711e+19
4.000063773462885e+19
4.000063641048176e+19
4.000063508909995e+19
4.0000633770477584e+19
4.000063245460887e+19
4.000063114148794e+19
4.000062983110906e+19
4.000062852346636e+19
4.00006272185541e+19
4.000062591636652e+19
4.000062461689787e+19
4.000062332014237e+19
4.000062202609434e+19
4.000062073474803e+19
4.000061944609776e+19
4.000061816013782e+19
4.0000616876862554e+19
4.000061559626623e+19
4.0000614318343274e+19
4.0000613043088e+19
4.00006117704948e+19
4.000061050055806e+19
4.000060923327214e+19
4.000060796863149e+19
4.000060670663052e+19
4.0000605447263625e+19
4.000060419052526e+19
4.000060293640988e+19
4.000060168491195e+19
4.000060043602598e+19
4.000059918974643e+19
4.000059794606781e+19
4.0000596704984646e+19
4.000059546649144e+19
4.000059423058273e+19
4.000059299725308e+19
4.000059176649704e+19
4.000059053830919e+19
4.000058931268409e+19
4.0000588089616376e+19
4.000058686910063e+19
4.000058565113146e+19
4.000058443570353e+19
4.0000583222811435e+19
4.000058201244988e+19
4.0000580804613505e+19
4.0000579599296995e+19
4.000057839649503e+19
4.0000577196202295e+19
4.000057599841353e+19
4.000057480312345e+19
4.000057361032679e+19
4.000057242001827e+19
4.000057123219267e+19
4.000057004684475e+19
4.00005688639693e+19
4.00005676835611e+19
4.000056650561495e+19
4.000056533012567e+19
4.0000564157088055e+19
4.000056298649698e+19
4.000056181834727e+19
4.0000560652633784e+19
4.00005594893514e+19
4.000055832849499e+19
4.0000557170059444e+19
4.000055601403967e+19
4.000055486043055e+19
4.0000553709227e+19
4.0000552560424e+19
4.000055141401648e+19
4.000055026999938e+19
4.000054912836769e+19
4.000054798911639e+19
4.000054685224042e+19
4.000054571773483e+19
4.000054458559461e+19
4.000054345581478e+19
4.000054232839036e+19
4.00005412033164e+19
4.000054008058796e+19
4.000053896020008e+19
4.000053784214787e+19
4.000053672642637e+19
4.000053561303071e+19
4.000053450195599e+19
4.000053339319731e+19
4.000053228674978e+19
4.0000531182608564e+19
4.000053008076882e+19
4.000052898122569e+19
4.000052788397433e+19
4.000052678900994e+19
4.000052569632769e+19
4.000052460592278e+19
4.000052351779041e+19
4.000052243192584e+19
4.000052134832423e+19
4.000052026698086e+19
4.000051918789098e+19
4.000051811104987e+19
4.0000517036452766e+19
4.0000515964094956e+19
4.000051489397175e+19
4.000051382607843e+19
4.00005127604103e+19
4.0000511696962716e+19
4.000051063573097e+19
4.000050957671041e+19
4.000050851989638e+19
4.000050746528425e+19
4.00005064128694e+19
4.00005053626472e+19
4.000050431461306e+19
4.000050326876233e+19
4.000050222509047e+19
4.000050118359287e+19
4.000050014426499e+19
4.000049910710222e+19
4.000049807210005e+19
4.000049703925395e+19
4.0000496008559346e+19
4.000049498001174e+19
4.0000493953606615e+19
4.000049292933949e+19
4.000049190720583e+19
4.000049088720118e+19
4.000048986932106e+19
4.0000488853561e+19
4.000048783991655e+19
4.0000486828383265e+19
4.000048581895668e+19
4.000048481163241e+19
4.000048380640604e+19
4.000048280327312e+19
4.000048180222929e+19
4.000048080327019e+19
4.000047980639137e+19
4.0000478811588485e+19
4.000047781885717e+19
4.000047682819311e+19
4.000047583959195e+19
4.000047485304932e+19
4.000047386856095e+19
4.000047288612248e+19
4.0000471905729634e+19
4.0000470927378104e+19
4.00004699510636e+19
4.000046897678184e+19
4.000046800452858e+19
4.000046703429955e+19
4.000046606609048e+19
4.0000465099897184e+19
4.000046413571537e+19
4.000046317354084e+19
4.000046221336939e+19
4.0000461255196795e+19
4.0000460299018854e+19
4.000045934483138e+19
4.000045839263023e+19
4.000045744241122e+19
4.000045649417016e+19
4.000045554790295e+19
4.000045460360537e+19
4.000045366127336e+19
4.0000452720902775e+19
4.00004517824895e+19
4.000045084602943e+19
4.0000449911518446e+19
4.000044897895246e+19
4.000044804832742e+19
4.000044711963924e+19
4.000044619288385e+19
4.000044526805721e+19
4.0000444345155215e+19
4.000044342417388e+19
4.000044250510919e+19
4.0000441587957105e+19
4.00004406727136e+19
4.000043975937466e+19
4.000043884793632e+19
4.0000437938394595e+19
4.0000437030745506e+19
4.000043612498507e+19
4.000043522110934e+19
4.000043431911435e+19
4.000043341899615e+19
4.0000432520750825e+19
4.000043162437441e+19
4.000043072986304e+19
4.000042983721277e+19
4.000042894641971e+19
4.000042805747997e+19
4.000042717038964e+19
4.0000426285144875e+19
4.000042540174176e+19
4.00004245201765e+19
4.0000423640445166e+19
4.000042276254397e+19
4.000042188646906e+19
4.000042101221661e+19
4.000042013978278e+19
4.000041926916378e+19
4.00004184003558e+19
4.000041753335505e+19
4.000041666815772e+19
4.000041580476006e+19
4.0000414943158305e+19
4.0000414083348636e+19
4.000041322532736e+19
4.000041236909069e+19
4.0000411514634895e+19
4.000041066195624e+19
4.000040981105104e+19
4.000040896191553e+19
4.000040811454602e+19
4.00004072689388e+19
4.000040642509019e+19
4.0000405582996505e+19
4.0000404742654075e+19
4.000040390405922e+19
4.000040306720828e+19
4.000040223209759e+19
4.0000401398723535e+19
4.000040056708246e+19
4.000039973717073e+19
4.000039890898473e+19
4.000039808252087e+19
4.000039725777549e+19
4.0000396434745025e+19
4.000039561342588e+19
4.0000394793814475e+19
4.000039397590724e+19
4.000039315970057e+19
4.000039234519092e+19
4.0000391532374745e+19
4.00003907212485e+19
4.000038991180865e+19
4.000038910405165e+19
4.000038829797399e+19
4.000038749357215e+19
4.0000386690842616e+19
4.000038588978189e+19
4.000038509038649e+19
4.000038429265294e+19
4.000038349657771e+19
4.000038270215739e+19
4.000038190938847e+19
4.000038111826749e+19
4.000038032879103e+19
4.000037954095565e+19
4.0000378754757894e+19
4.000037797019434e+19
4.000037718726157e+19
4.0000376405956166e+19
4.000037562627473e+19
4.000037484821386e+19
4.000037407177016e+19
4.000037329694028e+19
4.0000372523720794e+19
4.000037175210836e+19
4.000037098209962e+19
4.000037021369122e+19
4.0000369446879764e+19
4.000036868166196e+19
4.000036791803447e+19
4.000036715599394e+19
4.000036639553708e+19
4.000036563666056e+19
4.000036487936108e+19
4.000036412363534e+19
4.000036336948006e+19
4.000036261689193e+19
4.000036186586769e+19
4.000036111640404e+19
4.000036036849774e+19
4.000035962214553e+19
4.000035887734416e+19
4.00003581340904e+19
4.000035739238101e+19
4.000035665221275e+19
4.000035591358239e+19
4.000035517648672e+19
4.000035444092254e+19
4.000035370688663e+19
4.000035297437579e+19
4.000035224338686e+19
4.000035151391664e+19
4.000035078596196e+19
4.000035005951966e+19
4.000034933458656e+19
4.000034861115952e+19
4.000034788923537e+19
4.0000347168811e+19
4.000034644988324e+19
4.000034573244898e+19
4.000034501650507e+19
4.000034430204845e+19
4.0000343589075984e+19
4.000034287758456e+19
4.000034216757109e+19
4.000034145903249e+19
4.0000340751965676e+19
4.000034004636755e+19
4.000033934223502e+19
4.0000338639565095e+19
4.000033793835469e+19
4.000033723860076e+19
4.000033654030024e+19
4.000033584345009e+19
4.000033514804731e+19
4.000033445408886e+19
4.000033376157171e+19
4.000033307049288e+19
4.000033238084934e+19
4.000033169263809e+19
4.0000331005856145e+19
4.000033032050051e+19
4.000032963656821e+19
4.000032895405626e+19
4.000032827296172e+19
4.000032759328162e+19
4.000032691501298e+19
4.000032623815286e+19
4.0000325562698334e+19
4.000032488864646e+19
4.00003242159943e+19
4.000032354473895e+19
4.000032287487749e+19
4.0000322206407e+19
4.000032153932457e+19
4.000032087362728e+19
4.000032020931226e+19
4.000031954637663e+19
4.000031888481752e+19
4.000031822463201e+19
4.000031756581729e+19
4.000031690837047e+19
4.000031625228869e+19
4.000031559756909e+19
4.000031494420886e+19
4.000031429220511e+19
4.000031364155503e+19
4.000031299225579e+19
4.0000312344304574e+19
4.000031169769857e+19
4.000031105243498e+19
4.000031040851101e+19
4.000030976592383e+19
4.000030912467071e+19
4.000030848474878e+19
4.00003078461553e+19
4.000030720888752e+19
4.000030657294262e+19
4.000030593831788e+19
4.000030530501055e+19
4.000030467301785e+19
4.0000304042337034e+19
4.000030341296538e+19
4.0000302784900145e+19
4.000030215813863e+19
4.000030153267808e+19
4.0000300908515795e+19
4.000030028564908e+19
4.00002996640752e+19
4.000029904379149e+19
4.000029842479524e+19
4.000029780708375e+19
4.000029719065435e+19
4.000029657550438e+19
4.000029596163114e+19
4.000029534903201e+19
4.0000294737704305e+19
4.000029412764535e+19
4.000029351885252e+19
4.000029291132319e+19
4.00002923050547e+19
4.00002917000444e+19
4.000029109628971e+19
4.000029049378797e+19
4.000028989253661e+19
4.000028929253299e+19
4.000028869377451e+19
4.000028809625859e+19
4.000028749998262e+19
4.000028690494402e+19
4.000028631114019e+19
4.000028571856862e+19
4.0000285127226655e+19
4.000028453711177e+19
4.000028394822142e+19
4.000028336055302e+19
4.0000282774104056e+19
4.000028218887194e+19
4.000028160485417e+19
4.000028102204817e+19
4.000028044045145e+19
4.000027986006148e+19
4.000027928087576e+19
4.000027870289175e+19
4.000027812610697e+19
4.0000277550518895e+19
4.000027697612506e+19
4.000027640292294e+19
4.0000275830910075e+19
4.000027526008397e+19
4.0000274690442174e+19
4.000027412198219e+19
4.000027355470154e+19
4.00002729885978e+19
4.00002724236685e+19
4.000027185991122e+19
4.000027129732348e+19
4.000027073590287e+19
4.00002701756469e+19
4.000026961655322e+19
4.000026905861935e+19
4.000026850184289e+19
4.0000267946221445e+19
4.000026739175259e+19
4.000026683843393e+19
4.0000266286263075e+19
4.000026573523758e+19
4.0000265185355104e+19
4.000026463661329e+19
4.00002640890097e+19
4.000026354254198e+19
4.000026299720781e+19
4.000026245300476e+19
4.0000261909930525e+19
4.000026136798273e+19
4.000026082715901e+19
4.0000260287457034e+19
4.000025974887447e+19
4.000025921140898e+19
4.0000258675058246e+19
4.000025813981997e+19
4.000025760569179e+19
4.000025707267141e+19
4.00002565407565e+19
4.0000256009944785e+19
4.000025548023396e+19
4.000025495162171e+19
4.000025442410578e+19
4.000025389768387e+19
4.000025337235368e+19
4.0000252848112976e+19
4.000025232495945e+19
4.000025180289087e+19
4.000025128190496e+19
4.000025076199947e+19
4.000025024317213e+19
4.0000249725420724e+19
4.000024920874298e+19
4.000024869313668e+19
4.000024817859958e+19
4.000024766512945e+19
4.0000247152724074e+19
4.000024664138127e+19
4.000024613109877e+19
4.000024562187439e+19
4.000024511370593e+19
4.00002446065912e+19
4.000024410052798e+19
4.000024359551408e+19
4.000024309154733e+19
4.000024258862555e+19
4.000024208674654e+19
4.000024158590813e+19
4.0000241086108205e+19
4.000024058734456e+19
4.000024008961501e+19
4.000023959291748e+19
4.000023909724975e+19
4.000023860260971e+19
4.000023810899522e+19
4.000023761640412e+19
4.00002371248343e+19
4.000023663428363e+19
4.000023614474997e+19
4.000023565623122e+19
4.000023516872529e+19
4.000023468223002e+19
4.000023419674333e+19
4.000023371226314e+19
4.0000233228787335e+19
4.000023274631381e+19
4.000023226484049e+19
4.00002317843653e+19
4.000023130488617e+19
4.000023082640102e+19
4.000023034890777e+19
4.000022987240435e+19
4.000022939688872e+19
4.000022892235882e+19
4.000022844881257e+19
4.000022797624798e+19
4.000022750466296e+19
4.00002270340555e+19
4.000022656442353e+19
4.000022609576503e+19
4.000022562807799e+19
4.0000225161360376e+19
4.000022469561016e+19
4.000022423082534e+19
4.000022376700391e+19
4.000022330414387e+19
4.0000222842243195e+19
4.0000222381299925e+19
4.000022192131204e+19
4.0000221462277554e+19
4.000022100419449e+19
4.0000220547060875e+19
4.000022009087474e+19
4.000021963563407e+19
4.0000219181336945e+19
4.0000218727981375e+19
4.00002182755654e+19
4.0000217824087065e+19
4.000021737354445e+19
4.0000216923935556e+19
4.00002164752585e+19
4.00002160275113e+19
4.000021558069204e+19
4.000021513479879e+19
4.00002146898296e+19
4.000021424578257e+19
4.000021380265577e+19
4.000021336044729e+19
4.000021291915524e+19
4.000021247877767e+19
4.000021203931272e+19
4.000021160075847e+19
4.000021116311301e+19
4.000021072637449e+19
4.000021029054099e+19
4.000020985561064e+19
4.000020942158158e+19
4.000020898845191e+19
4.000020855621977e+19
4.000020812488326e+19
4.000020769444056e+19
4.000020726488979e+19
4.00002068362291e+19
4.000020640845665e+19
4.0000205981570556e+19
4.0000205555569025e+19
4.000020513045019e+19
4.00002047062122e+19
4.000020428285326e+19
4.0000203860371505e+19
4.000020343876513e+19
4.00002030180323e+19
4.000020259817122e+19
4.000020217918007e+19
4.0000201761057055e+19
4.000020134380034e+19
4.000020092740814e+19
4.0000200511878636e+19
4.0000200097210065e+19
4.000019968340063e+19
4.000019927044851e+19
4.000019885835197e+19
4.000019844710919e+19
4.000019803671845e+19
4.0000197627177935e+19
4.000019721848587e+19
4.000019681064053e+19
4.000019640364011e+19
4.000019599748289e+19
4.000019559216708e+19
4.000019518769099e+19
4.000019478405282e+19
4.000019438125085e+19
4.000019397928331e+19
4.000019357814851e+19
4.000019317784471e+19
4.000019277837016e+19
4.0000192379723145e+19
4.000019198190197e+19
4.000019158490487e+19
4.000019118873018e+19
4.000019079337618e+19
4.000019039884112e+19
4.000019000512334e+19
4.000018961222114e+19
4.0000189220132815e+19
4.000018882885667e+19
4.000018843839103e+19
4.00001880487342e+19
4.00001876598845e+19
4.000018727184025e+19
4.000018688459977e+19
4.00001864981614e+19
4.000018611252349e+19
4.000018572768435e+19
4.000018534364233e+19
4.000018496039576e+19
4.000018457794302e+19
4.000018419628244e+19
4.000018381541236e+19
4.000018343533113e+19
4.000018305603715e+19
4.000018267752876e+19
4.000018229980432e+19
4.00001819228622e+19
4.000018154670081e+19
4.000018117131849e+19
4.000018079671364e+19
4.0000180422884655e+19
4.000018004982988e+19
4.000017967754774e+19
4.000017930603663e+19
4.000017893529495e+19
4.000017856532107e+19
4.0000178196113424e+19
4.0000177827670426e+19
4.0000177459990454e+19
4.000017709307195e+19
4.0000176726913335e+19
4.000017636151301e+19
4.000017599686941e+19
4.000017563298096e+19
4.000017526984609e+19
4.000017490746325e+19
4.000017454583087e+19
4.000017418494737e+19
4.0000173824811205e+19
4.000017346542083e+19
4.0000173106774704e+19
4.000017274887127e+19
4.000017239170899e+19
4.000017203528631e+19
4.0000171679601705e+19
4.0000171324653625e+19
4.000017097044058e+19
4.000017061696099e+19
4.00001702642134e+19
4.000016991219622e+19
4.000016956090797e+19
4.0000169210347135e+19
4.000016886051221e+19
4.000016851140164e+19
4.000016816301398e+19
4.00001678153477e+19
4.000016746840128e+19
4.000016712217327e+19
4.0000166776662155e+19
4.000016643186644e+19
4.0000166087784645e+19
4.000016574441531e+19
4.000016540175693e+19
4.0000165059808035e+19
4.000016471856713e+19
4.000016437803279e+19
4.000016403820351e+19
4.000016369907783e+19
4.000016336065432e+19
4.0000163022931485e+19
4.0000162685907894e+19
4.000016234958207e+19
4.00001620139526e+19
4.000016167901799e+19
4.0000161344776856e+19
4.000016101122771e+19
4.000016067836914e+19
4.000016034619968e+19
4.000016001471794e+19
4.000015968392248e+19
4.000015935381185e+19
4.000015902438466e+19
4.00001586956395e+19
4.00001583675749e+19
4.000015804018949e+19
4.0000157713481875e+19
4.00001573874506e+19
4.000015706209429e+19
4.000015673741152e+19
4.0000156413400924e+19
4.000015609006109e+19
4.000015576739061e+19
4.000015544538813e+19
4.000015512405223e+19
4.0000154803381535e+19
4.000015448337468e+19
4.000015416403029e+19
4.000015384534696e+19
4.000015352732334e+19
4.000015320995806e+19
4.000015289324973e+19
4.000015257719702e+19
4.000015226179854e+19
4.000015194705295e+19
4.000015163295891e+19
4.0000151319515046e+19
4.000015100671999e+19
4.000015069457242e+19
4.000015038307098e+19
4.000015007221432e+19
4.000014976200113e+19
4.000014945243007e+19
4.000014914349979e+19
4.000014883520897e+19
4.000014852755626e+19
4.000014822054039e+19
4.000014791416e+19
4.000014760841376e+19
4.0000147303300375e+19
4.000014699881851e+19
4.0000146694966895e+19
4.0000146391744184e+19
4.000014608914908e+19
4.000014578718032e+19
4.000014548583655e+19
4.000014518511649e+19
4.0000144885018845e+19
4.000014458554234e+19
4.000014428668567e+19
4.000014398844756e+19
4.000014369082671e+19
4.000014339382184e+19
4.000014309743169e+19
4.0000142801654964e+19
4.000014250649041e+19
4.000014221193674e+19
4.000014191799269e+19
4.000014162465699e+19
4.000014133192839e+19
4.000014103980563e+19
4.0000140748287435e+19
4.000014045737257e+19
4.0000140167059775e+19
4.000013987734782e+19
4.000013958823545e+19
4.000013929972139e+19
4.000013901180441e+19
4.000013872448332e+19
4.000013843775682e+19
4.0000138151623705e+19
4.000013786608275e+19
4.000013758113269e+19
4.000013729677234e+19
4.000013701300049e+19
4.000013672981588e+19
4.0000136447217295e+19
4.000013616520353e+19
4.000013588377337e+19
4.0000135602925584e+19
4.0000135322659004e+19
4.0000135042972385e+19
4.000013476386459e+19
4.000013448533433e+19
4.0000134207380455e+19
4.000013393000175e+19
4.000013365319705e+19
4.000013337696515e+19
4.000013310130483e+19
4.000013282621494e+19
4.000013255169431e+19
4.000013227774173e+19
4.000013200435603e+19
4.000013173153607e+19
4.000013145928063e+19
4.000013118758855e+19
4.000013091645866e+19
4.000013064588981e+19
4.00001303758808e+19
4.0000130106430505e+19
4.000012983753775e+19
4.000012956920137e+19
4.000012930142023e+19
4.000012903419316e+19
4.000012876751904e+19
4.000012850139671e+19
4.000012823582501e+19
4.000012797080281e+19
4.000012770632896e+19
4.0000127442402345e+19
4.000012717902183e+19
4.000012691618625e+19
4.00001266538945e+19
4.000012639214545e+19
4.000012613093794e+19
4.000012587027091e+19
4.00001256101432e+19
4.0000125350553715e+19
4.000012509150133e+19
4.0000124832984924e+19
4.000012457500338e+19
4.0000124317555565e+19
4.000012406064042e+19
4.000012380425682e+19
4.000012354840367e+19
4.0000123293079855e+19
4.00001230382843e+19
4.000012278401587e+19
4.000012253027351e+19
4.000012227705613e+19
4.000012202436263e+19
4.000012177219191e+19
4.000012152054291e+19
4.000012126941454e+19
4.0000121018805715e+19
4.000012076871535e+19
4.000012051914239e+19
4.000012027008574e+19
4.000012002154436e+19
4.000011977351717e+19
4.000011952600308e+19
4.000011927900106e+19
4.000011903251003e+19
4.000011878652893e+19
4.00001185410567e+19
4.00001182960923e+19
4.000011805163465e+19
4.000011780768272e+19
4.000011756423547e+19
4.000011732129183e+19
4.00001170788508e+19
4.0000116836911284e+19
4.0000116595472245e+19
4.000011635453268e+19
4.000011611409152e+19
4.000011587414777e+19
4.000011563470039e+19
4.000011539574833e+19
4.000011515729057e+19
4.00001149193261e+19
4.000011468185388e+19
4.000011444487289e+19
4.000011420838213e+19
4.000011397238054e+19
4.000011373686717e+19
4.000011350184097e+19
4.000011326730093e+19
4.0000113033246065e+19
4.0000112799675335e+19
4.000011256658776e+19
4.000011233398233e+19
4.000011210185804e+19
4.00001118702139e+19
4.000011163904892e+19
4.00001114083621e+19
4.000011117815244e+19
4.000011094841899e+19
4.00001107191607e+19
4.000011049037663e+19
4.00001102620658e+19
4.000011003422721e+19
4.000010980685987e+19
4.000010957996284e+19
4.000010935353513e+19
4.000010912757574e+19
4.000010890208375e+19
4.000010867705813e+19
4.0000108452497965e+19
4.000010822840227e+19
4.000010800477016e+19
4.000010778160159e+19
4.000010755890675e+19
4.000010733682314e+19
4.00001071170683e+19
4.0000106920972984e+19
4.0000107013317894e+19
4.000011068073692e+19
4.0000158718984135e+19
4.000032675711018e+19
4.000069112008969e+19
4.000132997641624e+19
4.0002325009722786e+19
4.000376362010406e+19
4.000574166532141e+19
4.000836675712081e+19
4.001176213348193e+19
4.001607113374422e+19
4.002146231024566e+19
4.002813521739754e+19
4.0036326927054135e+19
4.004631932768999e+19
4.0058447274356064e+19
4.00731076667598e+19
4.0090769544240955e+19
4.011198529906532e+19
4.013740312354825e+19
4.016778082232157e+19
4.020400113891839e+19
4.024708876621898e+19
4.029822923375713e+19
4.035878989218716e+19
4.043034324734687e+19
4.0514692934618464e+19
4.0613902670388896e+19
4.073032857357442e+19
4.0866655319312474e+19
4.102593667283385e+19
4.121164105912107e+19
4.142770295955207e+19
4.167858109836545e+19
4.196932459956721e+19
4.230564857127912e+19
4.269402092440157e+19
4.314176267278659e+19
4.3657164510441144e+19
4.424962313187339e+19
4.492980155640759e+19
4.570981860498242e+19
4.6603473549321085e+19
4.762651252621562e+19
4.879694294601948e+19
5.013539952847037e+19
5.166555845414138e+19
5.3414580991793365e+19
5.54135412688788e+19
5.769775408573676e+19
6.030687646997776e+19
6.328463574037929e+19
6.667807953619714e+19
7.053639710661315e+19
7.490964940934627e+19
7.984813283673222e+19
8.54034818564104e+19
9.163284843786615e+19
9.860747816172352e+19
1.0642672691934288e+20
1.1523806614011237e+20
1.2526270169410788e+20
1.3682368513872519e+20
1.5036252950364733e+20
1.6637918333711676e+20
1.8482388867364015e+20
2.045277591775829e+20
2.2498262223717512e+20
2.4582815026570415e+20
2.6665641835063306e+20
2.8718800572805526e+20
3.07236816485831e+20
3.266546210974831e+20
3.4511930215788216e+20
3.6215813911701206e+20
3.770039383437309e+20
3.883935595066397e+20
3.942989250933052e+20
3.9737646673299236e+20
3.9902575835751173e+20
4e+20
